# relative_time, cycles_done, cur_path, paths_total, pending_total, pending_favs, map_size, unique_crashes, unique_hangs, max_depth, execs_per_sec, total_execs, edges_found
60, 0, 149, 382, 165, 29, 0.00%, 0, 0, 2, 379.70, 22058, 343
65, 0, 149, 382, 165, 29, 0.00%, 0, 0, 2, 376.38, 23983, 343
70, 0, 170, 382, 164, 28, 0.00%, 0, 0, 2, 377.78, 25924, 343
75, 0, 170, 382, 164, 28, 0.00%, 0, 0, 2, 381.97, 27891, 343
80, 0, 188, 382, 163, 27, 0.00%, 0, 0, 2, 383.50, 29895, 343
85, 0, 188, 382, 163, 27, 0.00%, 0, 0, 2, 386.55, 31834, 343
90, 0, 188, 382, 163, 27, 0.00%, 0, 0, 2, 385.95, 33787, 343
95, 0, 190, 383, 163, 26, 0.00%, 0, 0, 2, 315.68, 35356, 344
101, 0, 190, 384, 164, 26, 0.00%, 0, 0, 2, 268.55, 36668, 344
106, 0, 190, 384, 164, 26, 0.00%, 0, 0, 2, 269.75, 37978, 344
111, 0, 190, 384, 164, 26, 0.00%, 0, 0, 2, 282.41, 39433, 344
116, 0, 190, 384, 164, 26, 0.00%, 0, 0, 2, 259.49, 40708, 344
121, 0, 190, 384, 164, 26, 0.00%, 0, 0, 2, 266.28, 42128, 344
126, 0, 190, 384, 164, 26, 0.00%, 0, 0, 2, 273.11, 43518, 344
131, 0, 190, 384, 164, 26, 0.00%, 0, 0, 2, 283.62, 44988, 344
137, 0, 190, 384, 164, 26, 0.00%, 0, 0, 2, 280.80, 46433, 344
142, 0, 190, 384, 164, 26, 0.00%, 0, 0, 2, 230.67, 47464, 344
147, 0, 191, 384, 163, 26, 0.00%, 0, 0, 2, 251.93, 48617, 344
152, 0, 191, 384, 163, 26, 0.00%, 0, 0, 2, 378.21, 50724, 344
157, 0, 191, 384, 163, 26, 0.00%, 0, 0, 2, 387.79, 52747, 344
162, 0, 191, 384, 163, 26, 0.00%, 0, 0, 2, 408.98, 54869, 344
167, 0, 191, 384, 163, 26, 0.00%, 0, 0, 2, 426.71, 57029, 344
172, 0, 191, 384, 163, 26, 0.00%, 0, 0, 2, 428.44, 59253, 344
177, 0, 191, 384, 163, 26, 0.00%, 0, 0, 2, 434.43, 61525, 344
183, 0, 197, 385, 163, 26, 0.00%, 0, 0, 2, 398.15, 63535, 345
188, 0, 197, 385, 163, 26, 0.00%, 0, 0, 2, 394.80, 65537, 345
193, 0, 197, 385, 163, 26, 0.00%, 0, 0, 2, 389.16, 67490, 345
198, 0, 197, 385, 163, 26, 0.00%, 0, 0, 2, 389.93, 69429, 345
203, 0, 197, 385, 163, 26, 0.00%, 0, 0, 2, 389.82, 71410, 345
208, 0, 197, 385, 163, 26, 0.00%, 0, 0, 2, 381.49, 73328, 345
213, 0, 197, 385, 163, 26, 0.00%, 0, 0, 2, 385.53, 75260, 345
218, 0, 203, 385, 162, 26, 0.00%, 0, 0, 2, 390.26, 77240, 345
223, 0, 203, 385, 162, 26, 0.00%, 0, 0, 2, 397.86, 79249, 345
228, 0, 203, 385, 162, 26, 0.00%, 0, 0, 2, 397.28, 81314, 345
233, 0, 203, 385, 162, 26, 0.00%, 0, 0, 2, 391.04, 83274, 345
238, 0, 203, 385, 162, 26, 0.00%, 0, 0, 2, 397.62, 85283, 345
243, 0, 203, 385, 162, 26, 0.00%, 0, 0, 2, 406.15, 87326, 345
248, 0, 203, 385, 162, 26, 0.00%, 0, 0, 2, 404.54, 89390, 345
254, 0, 212, 385, 161, 25, 0.00%, 0, 0, 2, 246.31, 90544, 345
259, 0, 212, 385, 161, 25, 0.00%, 0, 0, 2, 200.53, 91502, 345
264, 0, 212, 385, 161, 25, 0.00%, 0, 0, 2, 192.01, 92443, 345
269, 0, 212, 385, 161, 25, 0.00%, 0, 0, 2, 188.58, 93343, 345
274, 0, 212, 385, 161, 25, 0.00%, 0, 0, 2, 190.04, 94300, 345
279, 0, 212, 385, 161, 25, 0.00%, 0, 0, 2, 191.62, 95251, 345
284, 0, 212, 385, 161, 25, 0.00%, 0, 0, 2, 195.46, 96268, 345
289, 0, 212, 385, 161, 25, 0.00%, 0, 0, 2, 195.28, 97282, 345
294, 0, 212, 385, 161, 25, 0.00%, 0, 0, 2, 194.55, 98290, 345
300, 0, 212, 385, 161, 25, 0.00%, 0, 0, 2, 190.15, 99268, 345
305, 0, 212, 385, 161, 25, 0.00%, 0, 0, 2, 187.34, 100204, 345
310, 0, 212, 385, 161, 25, 0.00%, 0, 0, 2, 186.54, 101140, 345
315, 0, 212, 385, 161, 25, 0.00%, 0, 0, 2, 185.81, 102076, 345
320, 0, 212, 385, 161, 25, 0.00%, 0, 0, 2, 185.64, 103012, 345
325, 0, 215, 385, 160, 24, 0.00%, 0, 0, 2, 292.56, 104443, 345
330, 0, 215, 385, 160, 24, 0.00%, 0, 0, 2, 378.91, 106540, 345
335, 0, 215, 385, 160, 24, 0.00%, 0, 0, 2, 397.13, 108570, 345
340, 0, 215, 385, 160, 24, 0.00%, 0, 0, 2, 397.76, 110586, 345
345, 0, 215, 385, 160, 24, 0.00%, 0, 0, 2, 397.83, 112595, 345
350, 0, 215, 385, 160, 24, 0.00%, 0, 0, 2, 397.79, 114611, 345
355, 0, 215, 385, 160, 24, 0.00%, 0, 0, 2, 402.32, 116630, 345
361, 0, 299, 389, 163, 23, 0.00%, 0, 0, 2, 270.17, 118014, 347
366, 0, 299, 391, 165, 23, 0.00%, 0, 0, 2, 208.69, 118974, 349
371, 0, 299, 391, 165, 23, 0.00%, 0, 0, 2, 191.62, 119926, 349
376, 0, 299, 391, 165, 23, 0.00%, 0, 0, 2, 197.21, 120919, 349
381, 0, 299, 393, 167, 23, 0.00%, 0, 0, 2, 195.88, 121925, 350
386, 0, 299, 393, 167, 23, 0.00%, 0, 0, 2, 200.71, 122930, 350
391, 0, 299, 393, 167, 23, 0.00%, 0, 0, 2, 199.70, 123942, 350
396, 0, 299, 393, 167, 23, 0.00%, 0, 0, 2, 195.70, 124935, 350
401, 0, 299, 393, 167, 23, 0.00%, 0, 0, 2, 190.51, 125895, 350
406, 0, 299, 393, 167, 23, 0.00%, 0, 0, 2, 197.92, 126936, 350
411, 0, 299, 393, 167, 23, 0.00%, 0, 0, 2, 202.89, 127963, 350
416, 0, 299, 393, 167, 23, 0.00%, 0, 0, 2, 200.25, 128963, 350
421, 0, 299, 393, 167, 23, 0.00%, 0, 0, 2, 199.91, 130002, 350
426, 0, 299, 393, 167, 23, 0.00%, 0, 0, 2, 205.15, 131039, 350
431, 0, 299, 393, 167, 23, 0.00%, 0, 0, 2, 201.29, 132051, 350
436, 0, 299, 393, 167, 23, 0.00%, 0, 0, 2, 200.36, 133051, 350
441, 0, 299, 393, 167, 23, 0.00%, 0, 0, 2, 195.26, 134025, 350
446, 0, 299, 393, 167, 23, 0.00%, 0, 0, 2, 200.06, 135039, 350
452, 0, 299, 393, 167, 23, 0.00%, 0, 0, 2, 199.64, 136083, 350
457, 0, 299, 393, 167, 23, 0.00%, 0, 0, 2, 203.35, 137107, 350
462, 0, 299, 393, 167, 23, 0.00%, 0, 0, 2, 204.04, 138143, 350
467, 0, 299, 393, 167, 23, 0.00%, 0, 0, 2, 194.64, 139128, 350
472, 0, 299, 393, 167, 23, 0.00%, 0, 0, 2, 197.73, 140040, 350
477, 0, 299, 393, 167, 23, 0.00%, 0, 0, 2, 199.38, 141036, 350
482, 0, 299, 393, 167, 23, 0.00%, 0, 0, 2, 207.46, 141991, 350
487, 0, 299, 393, 167, 23, 0.00%, 0, 0, 2, 193.74, 142965, 350
492, 0, 299, 393, 167, 23, 0.00%, 0, 0, 2, 194.60, 143946, 350
497, 0, 299, 393, 167, 23, 0.00%, 0, 0, 2, 195.76, 144921, 350
503, 0, 299, 393, 167, 23, 0.00%, 0, 0, 2, 190.06, 145920, 350
508, 0, 299, 393, 167, 23, 0.00%, 0, 0, 2, 133.48, 146429, 350
513, 0, 299, 393, 167, 23, 0.00%, 0, 0, 2, 206.51, 147103, 350
518, 0, 299, 393, 167, 23, 0.00%, 0, 0, 2, 182.49, 147930, 350
523, 0, 299, 393, 167, 23, 0.00%, 0, 0, 2, 187.81, 148869, 350
529, 0, 299, 393, 167, 23, 0.00%, 0, 0, 2, 200.81, 149499, 350
534, 0, 299, 393, 167, 23, 0.00%, 0, 0, 2, 208.10, 150135, 350
539, 0, 309, 396, 169, 24, 0.00%, 0, 0, 2, 167.44, 150752, 350
544, 0, 309, 396, 169, 24, 0.00%, 0, 0, 2, 167.80, 151526, 350
549, 0, 309, 396, 169, 24, 0.00%, 0, 0, 2, 199.65, 152591, 350
554, 0, 309, 396, 169, 24, 0.00%, 0, 0, 2, 206.26, 153635, 350
559, 0, 309, 396, 169, 24, 0.00%, 0, 0, 2, 205.08, 154659, 350
564, 0, 309, 396, 169, 24, 0.00%, 0, 0, 2, 197.54, 155642, 350
569, 0, 309, 396, 169, 24, 0.00%, 0, 0, 2, 205.08, 156679, 350
574, 0, 309, 396, 169, 24, 0.00%, 0, 0, 2, 204.19, 157699, 350
580, 0, 309, 396, 169, 24, 0.00%, 0, 0, 2, 200.12, 158715, 350
585, 0, 309, 396, 169, 24, 0.00%, 0, 0, 2, 182.73, 159575, 350
590, 0, 309, 396, 169, 24, 0.00%, 0, 0, 2, 192.86, 160550, 350
595, 0, 309, 396, 169, 24, 0.00%, 0, 0, 2, 204.54, 161587, 350
600, 0, 309, 396, 169, 24, 0.00%, 0, 0, 2, 205.88, 162627, 350
605, 0, 309, 396, 169, 24, 0.00%, 0, 0, 2, 205.00, 163671, 350
610, 0, 309, 396, 169, 24, 0.00%, 0, 0, 2, 201.10, 164687, 350
615, 0, 309, 396, 169, 24, 0.00%, 0, 0, 2, 202.55, 165663, 350
620, 0, 309, 396, 169, 24, 0.00%, 0, 0, 2, 196.84, 166613, 350
625, 0, 309, 396, 169, 24, 0.00%, 0, 0, 2, 205.88, 167394, 350
630, 0, 309, 396, 169, 24, 0.00%, 0, 0, 2, 200.58, 168359, 350
635, 0, 309, 396, 169, 24, 0.00%, 0, 0, 2, 36.19, 168879, 350
641, 0, 309, 396, 169, 24, 0.00%, 0, 0, 2, 21.71, 169427, 350
646, 0, 309, 396, 169, 24, 0.00%, 0, 0, 2, 23.30, 170054, 350
651, 0, 309, 396, 169, 24, 0.00%, 0, 0, 2, 195.07, 170882, 350
656, 0, 309, 397, 170, 24, 0.00%, 0, 0, 2, 202.93, 171895, 351
661, 0, 309, 397, 170, 24, 0.00%, 0, 0, 2, 207.39, 172951, 351
666, 0, 309, 397, 170, 24, 0.00%, 0, 0, 2, 205.52, 173987, 351
671, 0, 309, 397, 170, 24, 0.00%, 0, 0, 2, 206.28, 175019, 351
677, 0, 309, 397, 170, 24, 0.00%, 0, 0, 2, 186.02, 175972, 351
682, 0, 309, 397, 170, 24, 0.00%, 0, 0, 2, 176.85, 176863, 351
687, 0, 309, 397, 170, 24, 0.00%, 0, 0, 2, 194.32, 177883, 351
692, 0, 309, 397, 170, 24, 0.00%, 0, 0, 2, 189.63, 178837, 351
697, 0, 309, 397, 170, 24, 0.00%, 0, 0, 2, 198.48, 179884, 351
702, 0, 309, 397, 170, 24, 0.00%, 0, 0, 2, 202.32, 180903, 351
707, 0, 309, 397, 170, 24, 0.00%, 0, 0, 2, 195.88, 181882, 351
712, 0, 309, 397, 170, 24, 0.00%, 0, 0, 2, 197.75, 182905, 351
717, 0, 335, 398, 170, 24, 0.00%, 0, 0, 2, 226.03, 184099, 351
723, 0, 335, 398, 170, 24, 0.00%, 0, 0, 2, 233.62, 185324, 351
728, 0, 335, 398, 170, 24, 0.00%, 0, 0, 2, 224.05, 186472, 351
733, 0, 335, 398, 170, 24, 0.00%, 0, 0, 2, 241.73, 187692, 351
738, 0, 335, 398, 170, 24, 0.00%, 0, 0, 2, 246.55, 188968, 351
743, 0, 335, 398, 170, 24, 0.00%, 0, 0, 2, 239.83, 190184, 351
748, 0, 335, 398, 170, 24, 0.00%, 0, 0, 2, 225.95, 191240, 351
753, 0, 335, 398, 170, 24, 0.00%, 0, 0, 2, 229.70, 192376, 351
758, 0, 335, 398, 170, 24, 0.00%, 0, 0, 2, 231.90, 193392, 351
764, 0, 335, 398, 170, 24, 0.00%, 0, 0, 2, 236.87, 194576, 351
769, 0, 335, 398, 170, 24, 0.00%, 0, 0, 2, 242.87, 195844, 351
774, 0, 335, 398, 170, 24, 0.00%, 0, 0, 2, 238.63, 197100, 351
779, 0, 335, 398, 170, 24, 0.00%, 0, 0, 2, 236.89, 198260, 351
784, 0, 335, 398, 170, 24, 0.00%, 0, 0, 2, 235.64, 199464, 351
789, 0, 335, 398, 170, 24, 0.00%, 0, 0, 2, 226.96, 200536, 351
794, 0, 335, 398, 170, 24, 0.00%, 0, 0, 2, 242.73, 201768, 351
799, 0, 335, 398, 170, 24, 0.00%, 0, 0, 2, 248.80, 203056, 351
805, 0, 335, 398, 170, 24, 0.00%, 0, 0, 2, 245.02, 204288, 351
810, 0, 335, 398, 170, 24, 0.00%, 0, 0, 2, 251.71, 205553, 351
815, 0, 335, 398, 170, 24, 0.00%, 0, 0, 2, 254.17, 206818, 351
820, 0, 335, 398, 170, 24, 0.00%, 0, 0, 2, 254.57, 208098, 351
825, 0, 335, 398, 170, 24, 0.00%, 0, 0, 2, 250.92, 209373, 351
830, 0, 335, 398, 170, 24, 0.00%, 0, 0, 2, 256.68, 210678, 351
835, 0, 335, 398, 170, 24, 0.00%, 0, 0, 2, 256.01, 211973, 351
840, 0, 335, 398, 170, 24, 0.00%, 0, 0, 2, 252.03, 213243, 351
845, 0, 335, 398, 170, 24, 0.00%, 0, 0, 2, 250.97, 214528, 351
850, 0, 335, 398, 170, 24, 0.00%, 0, 0, 2, 243.82, 215736, 351
855, 0, 361, 398, 169, 23, 0.00%, 0, 0, 2, 245.54, 216828, 351
860, 0, 361, 398, 169, 23, 0.00%, 0, 0, 2, 264.84, 218161, 351
865, 0, 361, 398, 169, 23, 0.00%, 0, 0, 2, 264.37, 219506, 351
870, 0, 361, 398, 169, 23, 0.00%, 0, 0, 2, 263.84, 220851, 351
875, 0, 361, 398, 169, 23, 0.00%, 0, 0, 2, 264.86, 221976, 351
881, 0, 361, 398, 169, 23, 0.00%, 0, 0, 2, 242.89, 223144, 351
886, 0, 361, 398, 169, 23, 0.00%, 0, 0, 2, 233.76, 224284, 351
891, 0, 361, 398, 169, 23, 0.00%, 0, 0, 2, 229.00, 225064, 351
896, 0, 361, 398, 169, 23, 0.00%, 0, 0, 2, 208.07, 226096, 351
901, 0, 361, 398, 169, 23, 0.00%, 0, 0, 2, 280.78, 226991, 351
906, 0, 361, 398, 169, 23, 0.00%, 0, 0, 2, 255.14, 228016, 351
911, 0, 361, 398, 169, 23, 0.00%, 0, 0, 2, 268.18, 229386, 351
916, 0, 361, 398, 169, 23, 0.00%, 0, 0, 2, 278.83, 230786, 351
921, 0, 361, 398, 169, 23, 0.00%, 0, 0, 2, 270.23, 232136, 351
926, 0, 361, 398, 169, 23, 0.00%, 0, 0, 2, 273.89, 233516, 351
931, 0, 361, 398, 169, 23, 0.00%, 0, 0, 2, 269.54, 234866, 351
936, 0, 361, 398, 169, 23, 0.00%, 0, 0, 2, 268.82, 236221, 351
942, 0, 361, 398, 169, 23, 0.00%, 0, 0, 2, 266.71, 237621, 351
947, 0, 361, 398, 169, 23, 0.00%, 0, 0, 2, 266.33, 239011, 351
952, 0, 361, 398, 169, 23, 0.00%, 0, 0, 2, 273.87, 240436, 351
957, 0, 361, 398, 169, 23, 0.00%, 0, 0, 2, 274.97, 241806, 351
962, 0, 361, 398, 169, 23, 0.00%, 0, 0, 2, 269.51, 243151, 351
967, 0, 361, 398, 169, 23, 0.00%, 0, 0, 2, 276.70, 244546, 351
972, 0, 361, 398, 169, 23, 0.00%, 0, 0, 2, 271.53, 245911, 351
977, 0, 361, 398, 169, 23, 0.00%, 0, 0, 2, 275.28, 247331, 351
983, 0, 362, 398, 168, 22, 0.00%, 0, 0, 2, 274.49, 248759, 351
988, 0, 362, 398, 168, 22, 0.00%, 0, 0, 2, 281.04, 250194, 351
993, 0, 362, 398, 168, 22, 0.00%, 0, 0, 2, 276.17, 251629, 351
998, 0, 362, 398, 168, 22, 0.00%, 0, 0, 2, 283.33, 253059, 351
1003, 0, 362, 398, 168, 22, 0.00%, 0, 0, 2, 280.42, 254464, 351
1008, 0, 362, 398, 168, 22, 0.00%, 0, 0, 2, 279.11, 255909, 351
1013, 0, 362, 398, 168, 22, 0.00%, 0, 0, 2, 284.66, 257339, 351
1018, 0, 362, 398, 168, 22, 0.00%, 0, 0, 2, 279.61, 258744, 351
1023, 0, 362, 398, 168, 22, 0.00%, 0, 0, 2, 277.23, 260030, 351
1028, 0, 362, 398, 168, 22, 0.00%, 0, 0, 2, 272.71, 261389, 351
1033, 0, 362, 398, 168, 22, 0.00%, 0, 0, 2, 259.47, 262514, 351
1038, 0, 362, 398, 168, 22, 0.00%, 0, 0, 2, 254.64, 263759, 351
1044, 0, 362, 398, 168, 22, 0.00%, 0, 0, 2, 236.21, 264964, 351
1049, 0, 362, 398, 168, 22, 0.00%, 0, 0, 2, 239.24, 265848, 351
1054, 0, 362, 398, 168, 22, 0.00%, 0, 0, 2, 241.40, 266600, 351
1059, 0, 362, 398, 168, 22, 0.00%, 0, 0, 2, 215.87, 267621, 351
1064, 0, 362, 398, 168, 22, 0.00%, 0, 0, 2, 233.29, 268669, 351
1069, 0, 362, 398, 168, 22, 0.00%, 0, 0, 2, 249.19, 269893, 351
1074, 0, 362, 398, 168, 22, 0.00%, 0, 0, 2, 278.07, 271350, 351
1079, 0, 362, 398, 168, 22, 0.00%, 0, 0, 2, 257.52, 272625, 351
1084, 0, 362, 398, 168, 22, 0.00%, 0, 0, 2, 250.15, 273921, 351
1090, 0, 362, 398, 168, 22, 0.00%, 0, 0, 2, 264.82, 275025, 351
1095, 0, 362, 398, 168, 22, 0.00%, 0, 0, 2, 266.50, 276360, 351
1100, 0, 362, 398, 168, 22, 0.00%, 0, 0, 2, 253.44, 277615, 351
1105, 0, 362, 398, 168, 22, 0.00%, 0, 0, 2, 269.30, 278985, 351
1110, 0, 362, 398, 168, 22, 0.00%, 0, 0, 2, 109.12, 280281, 351
1115, 0, 366, 406, 175, 27, 0.00%, 0, 0, 2, 260.68, 281502, 357
1120, 0, 366, 406, 175, 27, 0.00%, 0, 0, 2, 294.76, 283072, 357
1125, 0, 366, 406, 175, 27, 0.00%, 0, 0, 2, 294.50, 284602, 357
1130, 0, 366, 406, 175, 27, 0.00%, 0, 0, 2, 291.84, 286112, 357
1136, 0, 366, 406, 175, 27, 0.00%, 0, 0, 2, 292.69, 287622, 357
1141, 0, 366, 406, 175, 27, 0.00%, 0, 0, 2, 290.46, 289122, 357
1146, 0, 368, 406, 174, 26, 0.00%, 0, 0, 2, 293.12, 290639, 357
1151, 0, 368, 406, 174, 26, 0.00%, 0, 0, 2, 295.26, 292179, 357
1156, 0, 368, 406, 174, 26, 0.00%, 0, 0, 2, 292.00, 293689, 357
1162, 0, 368, 406, 174, 26, 0.00%, 0, 0, 2, 290.49, 295199, 357
1167, 0, 368, 406, 174, 26, 0.00%, 0, 0, 2, 288.06, 296684, 357
1172, 0, 370, 406, 173, 25, 0.00%, 0, 0, 2, 321.73, 298306, 357
1177, 0, 370, 406, 173, 25, 0.00%, 0, 0, 2, 380.32, 300308, 357
1182, 0, 370, 406, 173, 25, 0.00%, 0, 0, 2, 393.57, 302310, 357
1187, 0, 370, 406, 173, 25, 0.00%, 0, 0, 2, 395.83, 304319, 357
1192, 0, 371, 406, 172, 24, 0.00%, 0, 0, 2, 394.94, 306316, 357
1197, 0, 371, 406, 172, 24, 0.00%, 0, 0, 2, 392.10, 308311, 357
1202, 0, 371, 406, 172, 24, 0.00%, 0, 0, 2, 390.05, 310299, 357
1207, 0, 371, 406, 172, 24, 0.00%, 0, 0, 2, 392.26, 312308, 357
1213, 0, 374, 406, 171, 23, 0.00%, 0, 0, 2, 392.39, 314291, 357
1218, 0, 374, 406, 171, 23, 0.00%, 0, 0, 2, 391.59, 316286, 357
1223, 0, 374, 406, 171, 23, 0.00%, 0, 0, 2, 390.15, 318274, 357
1228, 0, 374, 406, 171, 23, 0.00%, 0, 0, 2, 389.68, 320269, 357
1233, 0, 374, 406, 171, 23, 0.00%, 0, 0, 2, 393.51, 322250, 357
1238, 0, 375, 406, 170, 22, 0.00%, 0, 0, 2, 393.79, 324261, 357
1243, 0, 375, 406, 170, 22, 0.00%, 0, 0, 2, 392.65, 326256, 357
1248, 0, 375, 406, 170, 22, 0.00%, 0, 0, 2, 398.01, 328293, 357
1253, 0, 375, 406, 170, 22, 0.00%, 0, 0, 2, 399.20, 330302, 357
1258, 0, 376, 406, 169, 21, 0.00%, 0, 0, 2, 400.30, 332306, 357
1263, 0, 376, 406, 169, 21, 0.00%, 0, 0, 2, 400.51, 334326, 357
1268, 0, 376, 406, 169, 21, 0.00%, 0, 0, 2, 412.11, 336494, 357
1273, 0, 376, 406, 169, 21, 0.00%, 0, 0, 2, 409.46, 338566, 357
1279, 0, 377, 406, 168, 20, 0.00%, 0, 0, 2, 404.48, 340630, 357
1284, 0, 377, 406, 168, 20, 0.00%, 0, 0, 2, 405.56, 342710, 357
1289, 0, 377, 406, 168, 20, 0.00%, 0, 0, 2, 406.62, 344790, 357
1294, 0, 377, 406, 168, 20, 0.00%, 0, 0, 2, 409.94, 346902, 357
1299, 0, 378, 406, 167, 19, 0.00%, 0, 0, 2, 382.86, 348858, 357
1304, 0, 378, 406, 167, 19, 0.00%, 0, 0, 2, 373.70, 350790, 357
1309, 0, 378, 406, 167, 19, 0.00%, 0, 0, 2, 373.50, 352715, 357
1315, 0, 378, 406, 167, 19, 0.00%, 0, 0, 2, 371.48, 354647, 357
1320, 0, 379, 406, 166, 18, 0.00%, 0, 0, 2, 338.45, 356352, 357
1325, 0, 379, 406, 166, 18, 0.00%, 0, 0, 2, 325.63, 358002, 357
1330, 0, 379, 406, 166, 18, 0.00%, 0, 0, 2, 318.42, 359598, 357
1335, 0, 379, 406, 166, 18, 0.00%, 0, 0, 2, 321.49, 361212, 357
1340, 0, 379, 406, 166, 18, 0.00%, 0, 0, 2, 321.14, 362826, 357
1345, 0, 379, 406, 166, 18, 0.00%, 0, 0, 2, 316.54, 364458, 357
1350, 0, 379, 406, 166, 18, 0.00%, 0, 0, 2, 319.95, 366060, 357
1355, 0, 379, 406, 166, 18, 0.00%, 0, 0, 2, 288.89, 367490, 357
1360, 0, 379, 406, 166, 18, 0.00%, 0, 0, 2, 310.03, 369060, 357
1365, 0, 379, 406, 166, 18, 0.00%, 0, 0, 2, 313.28, 370650, 357
1370, 0, 379, 406, 166, 18, 0.00%, 0, 0, 2, 303.65, 372144, 357
1375, 0, 379, 406, 166, 18, 0.00%, 0, 0, 2, 309.37, 373686, 357
1381, 0, 379, 406, 166, 18, 0.00%, 0, 0, 2, 308.88, 375282, 357
1386, 0, 379, 406, 166, 18, 0.00%, 0, 0, 2, 307.49, 376842, 357
1391, 0, 379, 406, 166, 18, 0.00%, 0, 0, 2, 310.72, 378420, 357
1396, 0, 380, 406, 165, 17, 0.00%, 0, 0, 2, 310.47, 379962, 357
1401, 0, 380, 406, 165, 17, 0.00%, 0, 0, 2, 271.50, 381296, 357
1406, 0, 380, 406, 165, 17, 0.00%, 0, 0, 2, 275.65, 382711, 357
1411, 0, 380, 406, 165, 17, 0.00%, 0, 0, 2, 295.63, 384281, 357
1416, 0, 380, 406, 165, 17, 0.00%, 0, 0, 2, 306.80, 385890, 357
1421, 0, 380, 406, 165, 17, 0.00%, 0, 0, 2, 299.46, 387450, 357
1427, 0, 380, 406, 165, 17, 0.00%, 0, 0, 2, 302.30, 389016, 357
1432, 0, 380, 406, 165, 17, 0.00%, 0, 0, 2, 293.56, 390466, 357
1437, 0, 380, 406, 165, 17, 0.00%, 0, 0, 2, 292.13, 391971, 357
1442, 0, 380, 406, 165, 17, 0.00%, 0, 0, 2, 285.67, 393406, 357
1447, 0, 380, 406, 165, 17, 0.00%, 0, 0, 2, 292.74, 394926, 357
1452, 0, 380, 406, 165, 17, 0.00%, 0, 0, 2, 300.82, 396504, 357
1457, 0, 380, 406, 165, 17, 0.00%, 0, 0, 2, 295.83, 397971, 357
1462, 0, 380, 406, 165, 17, 0.00%, 0, 0, 2, 296.90, 399476, 357
1467, 0, 380, 406, 165, 17, 0.00%, 0, 0, 2, 294.05, 400946, 357
1472, 0, 380, 406, 165, 17, 0.00%, 0, 0, 2, 292.05, 402426, 357
1478, 0, 380, 406, 165, 17, 0.00%, 0, 0, 2, 300.33, 403986, 357
1483, 0, 380, 406, 165, 17, 0.00%, 0, 0, 2, 299.48, 405501, 357
1488, 0, 380, 406, 165, 17, 0.00%, 0, 0, 2, 289.53, 407001, 357
1493, 0, 380, 406, 165, 17, 0.00%, 0, 0, 2, 283.16, 408371, 357
1498, 0, 380, 406, 165, 17, 0.00%, 0, 0, 2, 286.16, 409851, 357
1503, 0, 380, 406, 165, 17, 0.00%, 0, 0, 2, 292.86, 411351, 357
1508, 0, 381, 406, 164, 16, 0.00%, 0, 0, 2, 278.24, 412744, 357
1513, 0, 381, 406, 164, 16, 0.00%, 0, 0, 2, 367.63, 414765, 357
1518, 0, 381, 406, 164, 16, 0.00%, 0, 0, 2, 374.12, 416662, 357
1523, 0, 381, 406, 164, 16, 0.00%, 0, 0, 2, 386.32, 418622, 357
1528, 0, 381, 406, 164, 16, 0.00%, 0, 0, 2, 386.85, 420596, 357
1534, 0, 382, 406, 163, 15, 0.00%, 0, 0, 2, 319.75, 422152, 357
1539, 0, 382, 406, 163, 15, 0.00%, 0, 0, 2, 305.22, 423676, 357
1544, 0, 382, 406, 163, 15, 0.00%, 0, 0, 2, 295.07, 425076, 357
1549, 0, 382, 406, 163, 15, 0.00%, 0, 0, 2, 301.65, 426586, 357
1554, 0, 382, 406, 163, 15, 0.00%, 0, 0, 2, 281.05, 428066, 357
1559, 0, 382, 406, 163, 15, 0.00%, 0, 0, 2, 272.07, 429426, 357
1564, 0, 382, 406, 163, 15, 0.00%, 0, 0, 2, 286.80, 430871, 357
1569, 0, 382, 406, 163, 15, 0.00%, 0, 0, 2, 277.20, 432306, 357
1574, 0, 382, 406, 163, 15, 0.00%, 0, 0, 2, 293.71, 433796, 357
1579, 0, 382, 406, 163, 15, 0.00%, 0, 0, 2, 296.71, 435341, 357
1585, 0, 382, 406, 163, 15, 0.00%, 0, 0, 2, 280.33, 436806, 357
1590, 0, 382, 406, 163, 15, 0.00%, 0, 0, 2, 267.30, 438056, 357
1595, 0, 382, 406, 163, 15, 0.00%, 0, 0, 2, 298.24, 439441, 357
1600, 0, 382, 406, 163, 15, 0.00%, 0, 0, 2, 300.34, 440968, 357
1605, 0, 382, 406, 163, 15, 0.00%, 0, 0, 2, 306.38, 442510, 357
1610, 0, 382, 406, 163, 15, 0.00%, 0, 0, 2, 303.69, 444022, 357
1615, 0, 384, 406, 162, 14, 0.00%, 0, 0, 2, 326.99, 445678, 357
1621, 0, 384, 406, 162, 14, 0.00%, 0, 0, 2, 390.87, 447778, 357
1626, 0, 384, 406, 162, 14, 0.00%, 0, 0, 2, 404.51, 449830, 357
1631, 0, 384, 406, 162, 14, 0.00%, 0, 0, 2, 405.34, 451894, 357
1636, 0, 384, 406, 162, 14, 0.00%, 0, 0, 2, 405.42, 453990, 357
1641, 0, 384, 406, 162, 14, 0.00%, 0, 0, 2, 399.93, 456045, 357
1646, 0, 384, 406, 162, 14, 0.00%, 0, 0, 2, 405.07, 458110, 357
1651, 0, 384, 406, 162, 14, 0.00%, 0, 0, 2, 401.63, 460166, 357
1656, 0, 384, 406, 162, 14, 0.00%, 0, 0, 2, 400.33, 462246, 357
1661, 0, 384, 406, 162, 14, 0.00%, 0, 0, 2, 406.07, 464342, 357
1667, 0, 384, 406, 162, 14, 0.00%, 0, 0, 2, 407.16, 466422, 357
1672, 0, 384, 406, 162, 14, 0.00%, 0, 0, 2, 385.22, 468372, 357
1677, 0, 385, 407, 162, 13, 0.00%, 0, 0, 3, 341.39, 470080, 357
1682, 0, 385, 407, 162, 13, 0.00%, 0, 0, 3, 212.58, 471010, 357
1687, 0, 385, 408, 163, 13, 0.00%, 0, 0, 3, 161.66, 471707, 361
1692, 0, 385, 408, 163, 13, 0.00%, 0, 0, 3, 198.59, 472760, 361
1697, 0, 385, 408, 163, 13, 0.00%, 0, 0, 3, 207.79, 473810, 361
1702, 0, 385, 408, 163, 13, 0.00%, 0, 0, 3, 206.32, 474846, 361
1707, 0, 385, 408, 163, 13, 0.00%, 0, 0, 3, 210.00, 475856, 361
1712, 0, 385, 408, 163, 13, 0.00%, 0, 0, 3, 210.47, 476918, 361
1717, 0, 385, 408, 163, 13, 0.00%, 0, 0, 3, 206.15, 477982, 361
1722, 0, 385, 408, 163, 13, 0.00%, 0, 0, 3, 211.59, 479054, 361
1728, 0, 385, 408, 163, 13, 0.00%, 0, 0, 3, 211.06, 480154, 361
1733, 0, 385, 408, 163, 13, 0.00%, 0, 0, 3, 205.96, 481202, 361
1738, 0, 385, 408, 163, 13, 0.00%, 0, 0, 3, 211.43, 482306, 361
1743, 0, 385, 408, 163, 13, 0.00%, 0, 0, 3, 210.91, 483362, 361
1748, 0, 385, 408, 163, 13, 0.00%, 0, 0, 3, 206.40, 484410, 361
1753, 0, 385, 408, 163, 13, 0.00%, 0, 0, 3, 210.91, 485470, 361
1758, 0, 385, 408, 163, 13, 0.00%, 0, 0, 3, 208.96, 486522, 361
1763, 0, 385, 408, 163, 13, 0.00%, 0, 0, 3, 207.60, 487602, 361
1768, 0, 385, 408, 163, 13, 0.00%, 0, 0, 3, 210.19, 488702, 361
1774, 0, 385, 408, 163, 13, 0.00%, 0, 0, 3, 202.56, 489734, 361
1779, 0, 385, 409, 164, 13, 0.00%, 0, 0, 3, 204.77, 490762, 362
1784, 0, 385, 409, 164, 13, 0.00%, 0, 0, 3, 206.30, 491786, 362
1789, 0, 385, 409, 164, 13, 0.00%, 0, 0, 3, 206.92, 492863, 362
1794, 0, 385, 409, 164, 13, 0.00%, 0, 0, 3, 205.48, 493891, 362
1799, 0, 385, 409, 164, 13, 0.00%, 0, 0, 3, 182.15, 494717, 362
1804, 0, 385, 409, 164, 13, 0.00%, 0, 0, 3, 175.57, 495578, 362
1809, 0, 385, 409, 164, 13, 0.00%, 0, 0, 3, 190.01, 496550, 362
1815, 0, 385, 409, 164, 13, 0.00%, 0, 0, 3, 201.67, 497575, 362
1820, 0, 385, 409, 164, 13, 0.00%, 0, 0, 3, 208.95, 498631, 362
1825, 0, 385, 409, 164, 13, 0.00%, 0, 0, 3, 210.97, 499727, 362
1830, 0, 385, 409, 164, 13, 0.00%, 0, 0, 3, 214.49, 500807, 362
1835, 0, 385, 409, 164, 13, 0.00%, 0, 0, 3, 211.98, 501867, 362
1840, 0, 386, 409, 163, 12, 0.00%, 0, 0, 3, 208.48, 502919, 362
1845, 0, 386, 409, 163, 12, 0.00%, 0, 0, 3, 210.39, 503983, 362
1850, 0, 386, 409, 163, 12, 0.00%, 0, 0, 3, 210.85, 505043, 362
1855, 0, 386, 409, 163, 12, 0.00%, 0, 0, 3, 212.62, 506119, 362
1860, 0, 386, 409, 163, 12, 0.00%, 0, 0, 3, 213.38, 507219, 362
1865, 0, 386, 409, 163, 12, 0.00%, 0, 0, 3, 208.28, 508251, 362
1870, 0, 386, 409, 163, 12, 0.00%, 0, 0, 3, 190.21, 509209, 362
1875, 0, 386, 409, 163, 12, 0.00%, 0, 0, 3, 200.00, 510235, 362
1880, 0, 386, 409, 163, 12, 0.00%, 0, 0, 3, 209.11, 511291, 362
1885, 0, 386, 409, 163, 12, 0.00%, 0, 0, 3, 214.28, 512367, 362
1891, 0, 386, 409, 163, 12, 0.00%, 0, 0, 3, 210.43, 513459, 362
1896, 0, 386, 409, 163, 12, 0.00%, 0, 0, 3, 211.88, 514563, 362
1901, 0, 386, 409, 163, 12, 0.00%, 0, 0, 3, 214.89, 515683, 362
1906, 0, 386, 409, 163, 12, 0.00%, 0, 0, 3, 214.93, 516763, 362
1911, 0, 386, 409, 163, 12, 0.00%, 0, 0, 3, 213.81, 517871, 362
1916, 0, 386, 409, 163, 12, 0.00%, 0, 0, 3, 215.34, 518955, 362
1921, 0, 386, 409, 163, 12, 0.00%, 0, 0, 3, 206.93, 520003, 362
1926, 0, 386, 409, 163, 12, 0.00%, 0, 0, 3, 205.33, 520999, 362
1931, 0, 386, 409, 163, 12, 0.00%, 0, 0, 3, 208.22, 522055, 362
1936, 0, 386, 409, 163, 12, 0.00%, 0, 0, 3, 207.30, 523139, 362
1941, 0, 386, 409, 163, 12, 0.00%, 0, 0, 3, 205.96, 524183, 362
1947, 0, 386, 409, 163, 12, 0.00%, 0, 0, 3, 202.76, 525199, 362
1952, 0, 386, 409, 163, 12, 0.00%, 0, 0, 3, 203.91, 526259, 362
1957, 0, 386, 409, 163, 12, 0.00%, 0, 0, 3, 208.73, 527311, 362
1962, 0, 386, 409, 163, 12, 0.00%, 0, 0, 3, 212.71, 528383, 362
1967, 0, 386, 409, 163, 12, 0.00%, 0, 0, 3, 209.35, 529435, 362
1972, 0, 386, 409, 163, 12, 0.00%, 0, 0, 3, 208.62, 530483, 362
1977, 0, 386, 409, 163, 12, 0.00%, 0, 0, 3, 195.86, 531487, 362
1982, 0, 386, 409, 163, 12, 0.00%, 0, 0, 3, 197.56, 532513, 362
1987, 0, 386, 409, 163, 12, 0.00%, 0, 0, 3, 207.95, 533599, 362
1992, 0, 386, 409, 163, 12, 0.00%, 0, 0, 3, 206.21, 534619, 362
1997, 0, 388, 409, 162, 11, 0.00%, 0, 0, 3, 205.47, 535651, 362
2003, 0, 388, 409, 162, 11, 0.00%, 0, 0, 3, 206.29, 536727, 362
2008, 0, 388, 409, 162, 11, 0.00%, 0, 0, 3, 204.95, 537763, 362
2013, 0, 388, 409, 162, 11, 0.00%, 0, 0, 3, 205.27, 538787, 362
2018, 0, 388, 409, 162, 11, 0.00%, 0, 0, 3, 197.01, 539787, 362
2023, 0, 388, 409, 162, 11, 0.00%, 0, 0, 3, 202.23, 540795, 362
2028, 0, 388, 409, 162, 11, 0.00%, 0, 0, 3, 192.18, 541767, 362
2033, 0, 388, 409, 162, 11, 0.00%, 0, 0, 3, 175.67, 542622, 362
2038, 0, 388, 409, 162, 11, 0.00%, 0, 0, 3, 192.59, 543591, 362
2043, 0, 388, 409, 162, 11, 0.00%, 0, 0, 3, 200.50, 544643, 362
2048, 0, 388, 409, 162, 11, 0.00%, 0, 0, 3, 182.49, 545595, 362
2053, 0, 388, 409, 162, 11, 0.00%, 0, 0, 3, 200.40, 546487, 362
2058, 0, 388, 409, 162, 11, 0.00%, 0, 0, 3, 204.87, 547511, 362
2063, 0, 388, 409, 162, 11, 0.00%, 0, 0, 3, 197.81, 548502, 362
2068, 0, 388, 409, 162, 11, 0.00%, 0, 0, 3, 199.85, 549504, 362
2073, 0, 388, 409, 162, 11, 0.00%, 0, 0, 3, 201.35, 550523, 362
2078, 0, 388, 409, 162, 11, 0.00%, 0, 0, 3, 203.87, 551563, 362
2083, 0, 388, 409, 162, 11, 0.00%, 0, 0, 3, 206.40, 552603, 362
2089, 0, 388, 409, 162, 11, 0.00%, 0, 0, 3, 206.73, 553691, 362
2094, 0, 388, 409, 162, 11, 0.00%, 0, 0, 3, 210.69, 554763, 362
2099, 0, 388, 409, 162, 11, 0.00%, 0, 0, 3, 210.14, 555847, 362
2104, 0, 388, 409, 162, 11, 0.00%, 0, 0, 3, 208.55, 556935, 362
2109, 0, 388, 409, 162, 11, 0.00%, 0, 0, 3, 204.86, 557999, 362
2114, 0, 388, 409, 162, 11, 0.00%, 0, 0, 3, 205.19, 559023, 362
2120, 0, 388, 409, 162, 11, 0.00%, 0, 0, 3, 207.33, 560099, 362
2125, 0, 388, 409, 162, 11, 0.00%, 0, 0, 3, 211.38, 561207, 362
2130, 0, 388, 409, 162, 11, 0.00%, 0, 0, 3, 210.28, 562267, 362
2135, 0, 388, 409, 162, 11, 0.00%, 0, 0, 3, 209.23, 563315, 362
2140, 0, 388, 409, 162, 11, 0.00%, 0, 0, 3, 202.68, 564327, 362
2145, 0, 388, 409, 162, 11, 0.00%, 0, 0, 3, 208.24, 565375, 362
2150, 0, 388, 409, 162, 11, 0.00%, 0, 0, 3, 212.44, 566479, 362
2155, 0, 388, 409, 162, 11, 0.00%, 0, 0, 3, 211.48, 567563, 362
2160, 0, 391, 409, 161, 10, 0.00%, 0, 0, 3, 209.97, 568607, 362
2165, 0, 391, 409, 161, 10, 0.00%, 0, 0, 3, 213.51, 569683, 362
2170, 0, 391, 409, 161, 10, 0.00%, 0, 0, 3, 208.89, 570727, 362
2175, 0, 391, 409, 161, 10, 0.00%, 0, 0, 3, 206.55, 571807, 362
2180, 0, 391, 409, 161, 10, 0.00%, 0, 0, 3, 207.75, 572847, 362
2185, 0, 391, 409, 161, 10, 0.00%, 0, 0, 3, 214.27, 573927, 362
2191, 0, 391, 409, 161, 10, 0.00%, 0, 0, 3, 213.57, 575003, 362
2196, 0, 391, 409, 161, 10, 0.00%, 0, 0, 3, 217.57, 576099, 362
2201, 0, 391, 409, 161, 10, 0.00%, 0, 0, 3, 219.19, 577195, 362
2206, 0, 391, 409, 161, 10, 0.00%, 0, 0, 3, 218.75, 578291, 362
2211, 0, 391, 409, 161, 10, 0.00%, 0, 0, 3, 218.28, 579391, 362
2216, 0, 391, 409, 161, 10, 0.00%, 0, 0, 3, 217.64, 580491, 362
2221, 0, 391, 409, 161, 10, 0.00%, 0, 0, 3, 218.04, 581627, 362
2226, 0, 391, 409, 161, 10, 0.00%, 0, 0, 3, 214.95, 582711, 362
2231, 0, 391, 409, 161, 10, 0.00%, 0, 0, 3, 215.09, 583787, 362
2236, 0, 391, 409, 161, 10, 0.00%, 0, 0, 3, 212.77, 584875, 362
2241, 0, 391, 409, 161, 10, 0.00%, 0, 0, 3, 200.60, 585851, 362
2246, 0, 391, 409, 161, 10, 0.00%, 0, 0, 3, 195.81, 586823, 362
2251, 0, 391, 409, 161, 10, 0.00%, 0, 0, 3, 193.66, 587744, 362
2256, 0, 391, 409, 161, 10, 0.00%, 0, 0, 3, 203.96, 588827, 362
2261, 0, 391, 409, 161, 10, 0.00%, 0, 0, 3, 210.16, 589899, 362
2267, 0, 391, 409, 161, 10, 0.00%, 0, 0, 3, 215.99, 591027, 362
2272, 0, 391, 409, 161, 10, 0.00%, 0, 0, 3, 217.90, 592119, 362
2277, 0, 391, 409, 161, 10, 0.00%, 0, 0, 3, 210.39, 593171, 362
2282, 0, 391, 409, 161, 10, 0.00%, 0, 0, 3, 212.62, 594255, 362
2287, 0, 391, 409, 161, 10, 0.00%, 0, 0, 3, 210.71, 595291, 362
2292, 0, 391, 409, 161, 10, 0.00%, 0, 0, 3, 217.59, 596395, 362
2297, 0, 391, 409, 161, 10, 0.00%, 0, 0, 3, 208.08, 597471, 362
2302, 0, 391, 409, 161, 10, 0.00%, 0, 0, 3, 206.99, 598519, 362
2307, 0, 391, 409, 161, 10, 0.00%, 0, 0, 3, 207.53, 599603, 362
2312, 0, 391, 409, 161, 10, 0.00%, 0, 0, 3, 209.90, 600671, 362
2318, 0, 398, 415, 166, 11, 0.00%, 0, 0, 3, 261.78, 601930, 371
2323, 0, 398, 415, 166, 11, 0.00%, 0, 0, 3, 310.64, 603594, 371
2328, 0, 398, 415, 166, 11, 0.00%, 0, 0, 3, 319.36, 605262, 371
2333, 0, 398, 415, 166, 11, 0.00%, 0, 0, 3, 319.76, 606918, 371
2338, 0, 398, 415, 166, 11, 0.00%, 0, 0, 3, 319.84, 608568, 371
2343, 0, 399, 415, 165, 10, 0.00%, 0, 0, 3, 258.50, 609877, 371
2348, 0, 399, 415, 165, 10, 0.00%, 0, 0, 3, 222.08, 610982, 371
2353, 0, 399, 415, 165, 10, 0.00%, 0, 0, 3, 213.47, 612030, 371
2358, 0, 399, 415, 165, 10, 0.00%, 0, 0, 3, 211.59, 613106, 371
2364, 0, 399, 415, 165, 10, 0.00%, 0, 0, 3, 202.15, 614138, 371
2369, 0, 399, 415, 165, 10, 0.00%, 0, 0, 3, 200.65, 615166, 371
2374, 0, 399, 415, 165, 10, 0.00%, 0, 0, 3, 209.44, 616226, 371
2379, 0, 399, 415, 165, 10, 0.00%, 0, 0, 3, 199.82, 617246, 371
2384, 0, 399, 415, 165, 10, 0.00%, 0, 0, 3, 205.01, 618278, 371
2389, 0, 399, 415, 165, 10, 0.00%, 0, 0, 3, 212.62, 619386, 371
2394, 0, 399, 415, 165, 10, 0.00%, 0, 0, 3, 216.21, 620482, 371
2399, 0, 399, 415, 165, 10, 0.00%, 0, 0, 3, 209.57, 621534, 371
2404, 0, 399, 415, 165, 10, 0.00%, 0, 0, 3, 203.57, 622550, 371
2409, 0, 399, 415, 165, 10, 0.00%, 0, 0, 3, 203.24, 623610, 371
2414, 0, 399, 415, 165, 10, 0.00%, 0, 0, 3, 205.55, 624642, 371
2419, 0, 399, 415, 165, 10, 0.00%, 0, 0, 3, 202.74, 625670, 371
2424, 0, 399, 415, 165, 10, 0.00%, 0, 0, 3, 198.61, 626657, 371
2430, 0, 399, 415, 165, 10, 0.00%, 0, 0, 3, 194.17, 627635, 371
2435, 0, 399, 415, 165, 10, 0.00%, 0, 0, 3, 198.75, 628682, 371
2440, 0, 399, 415, 165, 10, 0.00%, 0, 0, 3, 200.76, 629718, 371
2445, 0, 399, 415, 165, 10, 0.00%, 0, 0, 3, 200.97, 630722, 371
2450, 0, 399, 415, 165, 10, 0.00%, 0, 0, 3, 203.31, 631778, 371
2455, 0, 399, 415, 165, 10, 0.00%, 0, 0, 3, 200.37, 632789, 371
2460, 0, 399, 415, 165, 10, 0.00%, 0, 0, 3, 211.86, 633914, 371
2465, 0, 399, 415, 165, 10, 0.00%, 0, 0, 3, 214.41, 634998, 371
2471, 0, 399, 415, 165, 10, 0.00%, 0, 0, 3, 204.68, 636014, 371
2476, 0, 399, 415, 165, 10, 0.00%, 0, 0, 3, 205.43, 637058, 371
2481, 0, 399, 415, 165, 10, 0.00%, 0, 0, 3, 207.13, 638098, 371
2486, 0, 399, 415, 165, 10, 0.00%, 0, 0, 3, 177.01, 639011, 371
2491, 0, 399, 415, 165, 10, 0.00%, 0, 0, 3, 173.86, 639902, 371
2496, 0, 399, 415, 165, 10, 0.00%, 0, 0, 3, 198.93, 640973, 371
2501, 0, 399, 415, 165, 10, 0.00%, 0, 0, 3, 201.92, 642010, 371
2506, 0, 400, 415, 164, 9, 0.00%, 0, 0, 3, 373.08, 644114, 371
2511, 0, 400, 415, 164, 9, 0.00%, 0, 0, 3, 410.37, 646302, 371
2516, 0, 400, 415, 164, 9, 0.00%, 0, 0, 3, 418.89, 648414, 371
2521, 0, 401, 415, 163, 8, 0.00%, 0, 0, 3, 423.84, 650558, 371
2527, 0, 401, 415, 163, 8, 0.00%, 0, 0, 3, 416.65, 652670, 371
2532, 0, 401, 415, 163, 8, 0.00%, 0, 0, 3, 412.58, 654758, 371
2537, 0, 401, 415, 163, 8, 0.00%, 0, 0, 3, 414.47, 656870, 371
2542, 0, 404, 415, 162, 7, 0.00%, 0, 0, 3, 368.53, 658790, 371
2547, 0, 404, 415, 162, 7, 0.00%, 0, 0, 3, 295.90, 660199, 371
2552, 0, 404, 415, 162, 7, 0.00%, 0, 0, 3, 268.64, 661569, 371
2557, 0, 404, 415, 162, 7, 0.00%, 0, 0, 3, 274.18, 662999, 371
2562, 0, 404, 415, 162, 7, 0.00%, 0, 0, 3, 252.15, 664314, 371
2568, 0, 404, 415, 162, 7, 0.00%, 0, 0, 3, 263.77, 665624, 371
2573, 0, 404, 415, 162, 7, 0.00%, 0, 0, 3, 269.52, 666994, 371
2578, 0, 404, 415, 162, 7, 0.00%, 0, 0, 3, 262.98, 668319, 371
2583, 0, 404, 415, 162, 7, 0.00%, 0, 0, 3, 273.52, 669714, 371
2588, 0, 404, 415, 162, 7, 0.00%, 0, 0, 3, 280.63, 671184, 371
2593, 0, 404, 415, 162, 7, 0.00%, 0, 0, 3, 155.44, 672582, 371
2598, 0, 404, 415, 162, 7, 0.00%, 0, 0, 3, 270.18, 673949, 371
2603, 0, 404, 415, 162, 7, 0.00%, 0, 0, 3, 260.39, 675249, 371
2608, 0, 404, 415, 162, 7, 0.00%, 0, 0, 3, 261.63, 676564, 371
2613, 0, 404, 415, 162, 7, 0.00%, 0, 0, 3, 267.54, 677964, 371
2619, 0, 404, 415, 162, 7, 0.00%, 0, 0, 3, 242.25, 679214, 371
2624, 0, 404, 415, 162, 7, 0.00%, 0, 0, 3, 237.81, 680358, 371
2629, 0, 404, 415, 162, 7, 0.00%, 0, 0, 3, 259.55, 681709, 371
2634, 0, 404, 415, 162, 7, 0.00%, 0, 0, 3, 270.09, 683119, 371
2639, 0, 404, 415, 162, 7, 0.00%, 0, 0, 3, 272.04, 684529, 371
2644, 0, 404, 415, 162, 7, 0.00%, 0, 0, 3, 271.72, 685904, 371
2649, 0, 404, 415, 162, 7, 0.00%, 0, 0, 3, 275.66, 687304, 371
2654, 0, 404, 415, 162, 7, 0.00%, 0, 0, 3, 266.47, 688634, 371
2659, 0, 404, 415, 162, 7, 0.00%, 0, 0, 3, 269.03, 689999, 371
2665, 0, 409, 415, 161, 6, 0.00%, 0, 0, 3, 291.18, 691427, 371
2670, 0, 409, 415, 161, 6, 0.00%, 0, 0, 3, 386.00, 693539, 371
2675, 0, 409, 415, 161, 6, 0.00%, 0, 0, 3, 385.78, 695569, 371
2680, 0, 409, 415, 161, 6, 0.00%, 0, 0, 3, 389.99, 697536, 371
2685, 0, 412, 415, 160, 5, 0.00%, 0, 0, 3, 373.34, 699435, 371
2690, 0, 412, 415, 160, 5, 0.00%, 0, 0, 3, 74.37, 699887, 371
2695, 0, 412, 416, 161, 5, 0.00%, 0, 0, 3, 98.26, 700417, 372
2700, 0, 412, 416, 161, 5, 0.00%, 0, 0, 3, 112.59, 700952, 372
2705, 0, 412, 417, 162, 5, 0.00%, 0, 0, 3, 105.14, 701490, 372
2711, 0, 412, 417, 162, 5, 0.00%, 0, 0, 3, 104.06, 702012, 372
2716, 0, 412, 417, 162, 5, 0.00%, 0, 0, 3, 106.36, 702544, 372
2721, 0, 412, 417, 162, 5, 0.00%, 0, 0, 3, 103.31, 703070, 372
2726, 0, 412, 417, 162, 5, 0.00%, 0, 0, 3, 106.49, 703612, 372
2731, 0, 412, 417, 162, 5, 0.00%, 0, 0, 3, 108.23, 704160, 372
2736, 0, 412, 417, 162, 5, 0.00%, 0, 0, 3, 109.23, 704710, 372
2741, 0, 412, 417, 162, 5, 0.00%, 0, 0, 3, 108.79, 705256, 372
2746, 0, 412, 417, 162, 5, 0.00%, 0, 0, 3, 110.28, 705830, 372
2751, 0, 412, 417, 162, 5, 0.00%, 0, 0, 3, 110.35, 706398, 372
2756, 0, 412, 417, 162, 5, 0.00%, 0, 0, 3, 108.40, 706950, 372
2761, 0, 412, 417, 162, 5, 0.00%, 0, 0, 3, 100.68, 707454, 372
2767, 0, 412, 417, 162, 5, 0.00%, 0, 0, 3, 96.39, 707946, 372
2772, 0, 412, 417, 162, 5, 0.00%, 0, 0, 3, 110.23, 708534, 372
2777, 0, 412, 417, 162, 5, 0.00%, 0, 0, 3, 115.35, 709148, 372
2782, 0, 412, 417, 162, 5, 0.00%, 0, 0, 3, 111.74, 709712, 372
2787, 0, 412, 417, 162, 5, 0.00%, 0, 0, 3, 104.14, 710230, 372
2792, 0, 412, 417, 162, 5, 0.00%, 0, 0, 3, 95.85, 710647, 372
2797, 0, 412, 417, 162, 5, 0.00%, 0, 0, 3, 97.56, 711124, 372
2802, 0, 412, 417, 162, 5, 0.00%, 0, 0, 3, 102.42, 711653, 372
2807, 0, 412, 417, 162, 5, 0.00%, 0, 0, 3, 113.00, 712233, 372
2812, 0, 412, 417, 162, 5, 0.00%, 0, 0, 3, 113.61, 712811, 372
2817, 0, 412, 417, 162, 5, 0.00%, 0, 0, 3, 115.48, 713395, 372
2822, 0, 412, 417, 162, 5, 0.00%, 0, 0, 3, 110.57, 713947, 372
2827, 0, 412, 417, 162, 5, 0.00%, 0, 0, 3, 103.08, 714453, 372
2833, 0, 412, 417, 162, 5, 0.00%, 0, 0, 3, 107.67, 715027, 372
2838, 0, 412, 417, 162, 5, 0.00%, 0, 0, 3, 113.34, 715603, 372
2843, 0, 412, 417, 162, 5, 0.00%, 0, 0, 3, 115.20, 716201, 372
2848, 0, 412, 417, 162, 5, 0.00%, 0, 0, 3, 117.07, 716813, 372
2853, 0, 412, 417, 162, 5, 0.00%, 0, 0, 3, 106.57, 717321, 372
2858, 0, 412, 417, 162, 5, 0.00%, 0, 0, 3, 114.20, 717909, 372
2863, 0, 412, 417, 162, 5, 0.00%, 0, 0, 3, 118.63, 718483, 372
2869, 0, 412, 417, 162, 5, 0.00%, 0, 0, 3, 119.41, 719103, 372
2874, 0, 412, 417, 162, 5, 0.00%, 0, 0, 3, 118.39, 719711, 372
2879, 0, 412, 417, 162, 5, 0.00%, 0, 0, 3, 116.01, 720295, 372
2884, 0, 412, 417, 162, 5, 0.00%, 0, 0, 3, 114.46, 720895, 372
2889, 0, 412, 417, 162, 5, 0.00%, 0, 0, 3, 113.38, 721475, 372
2894, 0, 412, 417, 162, 5, 0.00%, 0, 0, 3, 112.96, 722055, 372
2900, 0, 412, 417, 162, 5, 0.00%, 0, 0, 3, 109.14, 722625, 372
2905, 0, 412, 417, 162, 5, 0.00%, 0, 0, 3, 113.68, 723217, 372
2910, 0, 412, 417, 162, 5, 0.00%, 0, 0, 3, 110.11, 723773, 372
2915, 0, 412, 417, 162, 5, 0.00%, 0, 0, 3, 112.46, 724301, 372
2920, 0, 412, 417, 162, 5, 0.00%, 0, 0, 3, 9.88, 724785, 372
2925, 0, 412, 417, 162, 5, 0.00%, 0, 0, 3, 113.78, 725185, 372
2930, 0, 412, 417, 162, 5, 0.00%, 0, 0, 3, 106.60, 725703, 372
2936, 0, 412, 417, 162, 5, 0.00%, 0, 0, 3, 106.22, 726249, 372
2941, 0, 412, 417, 162, 5, 0.00%, 0, 0, 3, 107.78, 726797, 372
2946, 0, 412, 417, 162, 5, 0.00%, 0, 0, 3, 109.55, 727343, 372
2951, 0, 412, 417, 162, 5, 0.00%, 0, 0, 3, 109.18, 727895, 372
2956, 0, 412, 417, 162, 5, 0.00%, 0, 0, 3, 108.26, 728437, 372
2961, 0, 412, 417, 162, 5, 0.00%, 0, 0, 3, 105.97, 728963, 372
2966, 0, 412, 417, 162, 5, 0.00%, 0, 0, 3, 106.79, 729521, 372
2971, 0, 412, 417, 162, 5, 0.00%, 0, 0, 3, 111.41, 730095, 372
2976, 0, 412, 417, 162, 5, 0.00%, 0, 0, 3, 116.83, 730685, 372
2982, 0, 412, 417, 162, 5, 0.00%, 0, 0, 3, 118.87, 731305, 372
2987, 0, 412, 417, 162, 5, 0.00%, 0, 0, 3, 112.85, 731879, 372
2992, 0, 413, 417, 161, 4, 0.00%, 0, 0, 3, 131.33, 732539, 372
2997, 0, 413, 417, 161, 4, 0.00%, 0, 0, 3, 158.73, 733320, 372
3002, 0, 413, 417, 161, 4, 0.00%, 0, 0, 3, 170.44, 734226, 372
3007, 0, 413, 417, 161, 4, 0.00%, 0, 0, 3, 173.27, 735096, 372
3012, 0, 413, 417, 161, 4, 0.00%, 0, 0, 3, 190.41, 736107, 372
3017, 0, 413, 417, 161, 4, 0.00%, 0, 0, 3, 186.39, 737037, 372
3022, 0, 413, 417, 161, 4, 0.00%, 0, 0, 3, 177.75, 737913, 372
3028, 0, 413, 417, 161, 4, 0.00%, 0, 0, 3, 178.50, 738804, 372
3033, 0, 413, 417, 161, 4, 0.00%, 0, 0, 3, 192.47, 739746, 372
3038, 0, 413, 417, 161, 4, 0.00%, 0, 0, 3, 187.34, 740712, 372
3043, 0, 413, 417, 161, 4, 0.00%, 0, 0, 3, 162.90, 741438, 372
3048, 0, 413, 417, 161, 4, 0.00%, 0, 0, 3, 178.87, 742197, 372
3053, 0, 413, 417, 161, 4, 0.00%, 0, 0, 3, 185.50, 743130, 372
3058, 0, 413, 417, 161, 4, 0.00%, 0, 0, 3, 192.99, 744132, 372
3064, 0, 413, 417, 161, 4, 0.00%, 0, 0, 3, 180.35, 745071, 372
3069, 0, 413, 417, 161, 4, 0.00%, 0, 0, 3, 189.19, 746031, 372
3074, 0, 413, 417, 161, 4, 0.00%, 0, 0, 3, 195.24, 747069, 372
3079, 0, 413, 417, 161, 4, 0.00%, 0, 0, 3, 183.23, 747978, 372
3084, 0, 413, 417, 161, 4, 0.00%, 0, 0, 3, 189.62, 748932, 372
3089, 0, 413, 417, 161, 4, 0.00%, 0, 0, 3, 197.14, 749965, 372
3094, 0, 413, 417, 161, 4, 0.00%, 0, 0, 3, 200.74, 750997, 372
3099, 0, 413, 417, 161, 4, 0.00%, 0, 0, 3, 191.73, 751929, 372
3105, 0, 413, 417, 161, 4, 0.00%, 0, 0, 3, 192.76, 752883, 372
3110, 0, 413, 417, 161, 4, 0.00%, 0, 0, 3, 200.14, 753933, 372
3115, 0, 413, 417, 161, 4, 0.00%, 0, 0, 3, 203.21, 754945, 372
3120, 0, 413, 417, 161, 4, 0.00%, 0, 0, 3, 207.23, 755977, 372
3125, 0, 413, 417, 161, 4, 0.00%, 0, 0, 3, 204.51, 757001, 372
3130, 0, 413, 417, 161, 4, 0.00%, 0, 0, 3, 192.26, 757980, 372
3135, 0, 413, 417, 161, 4, 0.00%, 0, 0, 3, 197.56, 758940, 372
3140, 0, 413, 417, 161, 4, 0.00%, 0, 0, 3, 203.84, 759969, 372
3145, 0, 413, 417, 161, 4, 0.00%, 0, 0, 3, 208.37, 761013, 372
3150, 0, 413, 417, 161, 4, 0.00%, 0, 0, 3, 207.14, 762065, 372
3155, 0, 413, 417, 161, 4, 0.00%, 0, 0, 3, 204.32, 763093, 372
3160, 0, 413, 417, 161, 4, 0.00%, 0, 0, 3, 202.63, 764105, 372
3166, 1, 291, 417, 160, 3, 0.00%, 0, 0, 3, 225.34, 765249, 372
3171, 1, 291, 417, 160, 3, 0.00%, 0, 0, 3, 272.94, 766741, 372
3176, 1, 291, 417, 160, 3, 0.00%, 0, 0, 3, 263.99, 768101, 372
3181, 1, 291, 417, 160, 3, 0.00%, 0, 0, 3, 264.62, 769406, 372
3186, 1, 291, 417, 160, 3, 0.00%, 0, 0, 3, 259.89, 770761, 372
3191, 1, 291, 417, 160, 3, 0.00%, 0, 0, 3, 258.64, 772036, 372
3196, 1, 291, 417, 160, 3, 0.00%, 0, 0, 3, 40.11, 772722, 372
3202, 1, 291, 417, 160, 3, 0.00%, 0, 0, 3, 22.73, 773286, 372
3207, 1, 291, 417, 160, 3, 0.00%, 0, 0, 3, 174.64, 774113, 372
3212, 1, 291, 417, 160, 3, 0.00%, 0, 0, 3, 122.01, 774753, 372
3217, 1, 291, 417, 160, 3, 0.00%, 0, 0, 3, 207.62, 775793, 372
3222, 1, 291, 417, 160, 3, 0.00%, 0, 0, 3, 244.60, 777117, 372
3227, 1, 291, 417, 160, 3, 0.00%, 0, 0, 3, 274.26, 778536, 372
3232, 1, 291, 417, 160, 3, 0.00%, 0, 0, 3, 278.30, 780001, 372
3238, 1, 291, 417, 160, 3, 0.00%, 0, 0, 3, 279.10, 781456, 372
3243, 1, 291, 417, 160, 3, 0.00%, 0, 0, 3, 258.38, 782781, 372
3248, 1, 291, 417, 160, 3, 0.00%, 0, 0, 3, 234.72, 783901, 372
3253, 1, 291, 417, 160, 3, 0.00%, 0, 0, 3, 209.09, 784845, 372
3258, 1, 291, 417, 160, 3, 0.00%, 0, 0, 3, 226.87, 785913, 372
3263, 1, 291, 417, 160, 3, 0.00%, 0, 0, 3, 258.47, 787281, 372
3268, 1, 291, 417, 160, 3, 0.00%, 0, 0, 3, 260.45, 788606, 372
3273, 1, 291, 417, 160, 3, 0.00%, 0, 0, 3, 254.45, 789836, 372
3278, 1, 291, 417, 160, 3, 0.00%, 0, 0, 3, 259.87, 791156, 372
3284, 1, 291, 417, 160, 3, 0.00%, 0, 0, 3, 252.81, 792425, 372
3289, 1, 291, 417, 160, 3, 0.00%, 0, 0, 3, 267.18, 793786, 372
3294, 1, 291, 417, 160, 3, 0.00%, 0, 0, 3, 288.05, 795306, 372
3299, 1, 291, 417, 160, 3, 0.00%, 0, 0, 3, 284.17, 796726, 372
3304, 1, 313, 418, 160, 3, 0.00%, 0, 0, 3, 247.82, 797982, 372
3309, 1, 313, 420, 162, 3, 0.00%, 0, 0, 3, 135.95, 798853, 372
3314, 1, 313, 420, 162, 3, 0.00%, 0, 0, 3, 188.56, 799888, 372
3319, 1, 313, 420, 162, 3, 0.00%, 0, 0, 3, 199.55, 800923, 372
3324, 1, 313, 420, 162, 3, 0.00%, 0, 0, 3, 195.66, 801934, 372
3330, 1, 313, 420, 162, 3, 0.00%, 0, 0, 3, 202.34, 802973, 372
3335, 1, 313, 420, 162, 3, 0.00%, 0, 0, 3, 200.83, 803989, 372
3340, 1, 313, 420, 162, 3, 0.00%, 0, 0, 3, 204.18, 805021, 372
3345, 1, 313, 420, 162, 3, 0.00%, 0, 0, 3, 208.02, 806061, 372
3350, 1, 313, 420, 162, 3, 0.00%, 0, 0, 3, 204.72, 807089, 372
3355, 1, 313, 420, 162, 3, 0.00%, 0, 0, 3, 204.51, 808145, 372
3360, 1, 313, 420, 162, 3, 0.00%, 0, 0, 3, 203.59, 809169, 372
3365, 1, 313, 420, 162, 3, 0.00%, 0, 0, 3, 206.18, 810141, 372
3370, 1, 313, 420, 162, 3, 0.00%, 0, 0, 3, 199.48, 811169, 372
3375, 1, 313, 420, 162, 3, 0.00%, 0, 0, 3, 203.60, 812185, 372
3380, 1, 313, 420, 162, 3, 0.00%, 0, 0, 3, 205.13, 813213, 372
3385, 1, 313, 420, 162, 3, 0.00%, 0, 0, 3, 199.92, 814201, 372
3390, 1, 313, 420, 162, 3, 0.00%, 0, 0, 3, 205.15, 815237, 372
3396, 1, 313, 420, 162, 3, 0.00%, 0, 0, 3, 195.68, 816238, 372
3401, 1, 313, 420, 162, 3, 0.00%, 0, 0, 3, 197.75, 817253, 372
3406, 1, 313, 420, 162, 3, 0.00%, 0, 0, 3, 201.64, 818289, 372
3411, 1, 313, 420, 162, 3, 0.00%, 0, 0, 3, 199.06, 819289, 372
3416, 1, 313, 420, 162, 3, 0.00%, 0, 0, 3, 195.89, 820303, 372
3421, 1, 313, 420, 162, 3, 0.00%, 0, 0, 3, 192.70, 821290, 372
3426, 1, 313, 420, 162, 3, 0.00%, 0, 0, 3, 203.65, 822357, 372
3432, 1, 313, 420, 162, 3, 0.00%, 0, 0, 3, 196.14, 823348, 372
3437, 1, 313, 420, 162, 3, 0.00%, 0, 0, 3, 196.66, 824338, 372
3442, 1, 313, 420, 162, 3, 0.00%, 0, 0, 3, 198.12, 825325, 372
3447, 1, 313, 420, 162, 3, 0.00%, 0, 0, 3, 202.36, 826337, 372
3452, 1, 313, 420, 162, 3, 0.00%, 0, 0, 3, 203.95, 827377, 372
3457, 1, 313, 420, 162, 3, 0.00%, 0, 0, 3, 204.14, 828409, 372
3462, 1, 313, 420, 162, 3, 0.00%, 0, 0, 3, 202.92, 829417, 372
3467, 1, 313, 420, 162, 3, 0.00%, 0, 0, 3, 205.12, 830445, 372
3472, 1, 421, 422, 163, 4, 0.00%, 0, 0, 3, 155.24, 831191, 373
3477, 1, 421, 423, 164, 4, 0.00%, 0, 0, 3, 142.49, 831891, 375
3482, 1, 421, 424, 165, 4, 0.00%, 0, 0, 3, 140.09, 832577, 377
3487, 1, 421, 424, 165, 4, 0.00%, 0, 0, 3, 139.01, 833296, 377
3492, 1, 421, 425, 166, 4, 0.00%, 0, 0, 3, 128.98, 833934, 379
3497, 1, 421, 426, 167, 4, 0.00%, 0, 0, 3, 130.52, 834586, 380
3503, 1, 421, 426, 167, 4, 0.00%, 0, 0, 3, 138.11, 835308, 380
3508, 1, 421, 426, 167, 4, 0.00%, 0, 0, 3, 135.27, 836008, 380
3513, 1, 421, 426, 167, 4, 0.00%, 0, 0, 3, 140.14, 836738, 380
3518, 1, 421, 426, 167, 4, 0.00%, 0, 0, 3, 132.65, 837418, 380
3523, 1, 421, 426, 167, 4, 0.00%, 0, 0, 3, 133.77, 838071, 380
3528, 1, 421, 426, 167, 4, 0.00%, 0, 0, 3, 124.20, 838709, 380
3533, 1, 421, 426, 167, 4, 0.00%, 0, 0, 3, 131.06, 839371, 380
3538, 1, 421, 426, 167, 4, 0.00%, 0, 0, 3, 138.27, 840069, 380
3543, 1, 421, 426, 167, 4, 0.00%, 0, 0, 3, 131.72, 840749, 380
3549, 1, 421, 426, 167, 4, 0.00%, 0, 0, 3, 132.11, 841419, 380
3554, 1, 421, 426, 167, 4, 0.00%, 0, 0, 3, 132.12, 842081, 380
3559, 1, 421, 427, 168, 4, 0.00%, 0, 0, 3, 135.48, 842771, 382
3564, 1, 421, 427, 168, 4, 0.00%, 0, 0, 3, 141.08, 843501, 382
3569, 1, 421, 427, 168, 4, 0.00%, 0, 0, 3, 139.87, 844229, 382
3574, 1, 421, 427, 168, 4, 0.00%, 0, 0, 3, 139.66, 844941, 382
3579, 1, 421, 427, 168, 4, 0.00%, 0, 0, 3, 140.57, 845663, 382
3585, 1, 421, 427, 168, 4, 0.00%, 0, 0, 3, 139.50, 846385, 382
3590, 1, 421, 427, 168, 4, 0.00%, 0, 0, 3, 134.60, 847091, 382
3595, 1, 421, 428, 169, 4, 0.00%, 0, 0, 3, 123.20, 847675, 384
3600, 1, 421, 428, 169, 4, 0.00%, 0, 0, 3, 128.71, 848313, 384
3603, 1, 422, 428, 169, 4, 0.00%, 0, 0, 3, 127.12, 848695, 384
