# relative_time, cycles_done, cur_path, paths_total, pending_total, pending_favs, map_size, unique_crashes, unique_hangs, max_depth, execs_per_sec, total_execs, edges_found
61, 0, 377, 382, 166, 31, 0.00%, 0, 0, 2, 355.58, 20628, 324
66, 0, 377, 382, 166, 31, 0.00%, 0, 0, 2, 352.81, 22427, 324
71, 0, 8, 382, 165, 30, 0.00%, 0, 0, 2, 338.06, 24125, 324
76, 0, 8, 383, 166, 30, 0.00%, 0, 0, 2, 326.67, 25807, 325
81, 0, 8, 384, 167, 30, 0.00%, 0, 0, 2, 325.85, 27483, 327
87, 0, 8, 384, 167, 30, 0.00%, 0, 0, 2, 326.62, 29169, 327
92, 0, 383, 384, 166, 30, 0.00%, 0, 0, 2, 324.42, 30830, 327
97, 0, 383, 384, 166, 30, 0.00%, 0, 0, 2, 329.23, 32510, 327
102, 0, 383, 384, 166, 30, 0.00%, 0, 0, 2, 330.97, 34167, 327
107, 0, 383, 384, 166, 30, 0.00%, 0, 0, 2, 324.09, 35847, 327
112, 0, 309, 389, 170, 29, 0.00%, 0, 0, 2, 226.42, 36858, 328
117, 0, 309, 389, 170, 29, 0.00%, 0, 0, 2, 208.64, 37858, 328
122, 0, 309, 389, 170, 29, 0.00%, 0, 0, 2, 209.15, 38934, 328
127, 0, 309, 390, 171, 29, 0.00%, 0, 0, 2, 209.55, 39978, 330
132, 0, 309, 390, 171, 29, 0.00%, 0, 0, 2, 210.01, 41034, 330
137, 0, 309, 390, 171, 29, 0.00%, 0, 0, 2, 205.62, 42074, 330
142, 0, 309, 390, 171, 29, 0.00%, 0, 0, 2, 168.95, 42834, 330
148, 0, 309, 390, 171, 29, 0.00%, 0, 0, 2, 160.09, 43626, 330
153, 0, 309, 390, 171, 29, 0.00%, 0, 0, 2, 168.65, 44325, 330
158, 0, 309, 390, 171, 29, 0.00%, 0, 0, 2, 31.62, 45178, 330
163, 0, 309, 390, 171, 29, 0.00%, 0, 0, 2, 16.48, 45793, 330
168, 0, 309, 390, 171, 29, 0.00%, 0, 0, 2, 21.48, 46206, 330
174, 0, 309, 390, 171, 29, 0.00%, 0, 0, 2, 29.20, 46666, 330
179, 0, 309, 390, 171, 29, 0.00%, 0, 0, 2, 191.96, 47160, 330
184, 0, 309, 390, 171, 29, 0.00%, 0, 0, 2, 192.08, 48141, 330
189, 0, 309, 390, 171, 29, 0.00%, 0, 0, 2, 202.14, 49162, 330
194, 0, 309, 390, 171, 29, 0.00%, 0, 0, 2, 208.45, 50222, 330
199, 0, 309, 390, 171, 29, 0.00%, 0, 0, 2, 209.59, 51278, 330
204, 0, 309, 390, 171, 29, 0.00%, 0, 0, 2, 210.68, 52366, 330
209, 0, 309, 390, 171, 29, 0.00%, 0, 0, 2, 211.80, 53470, 330
214, 0, 309, 390, 171, 29, 0.00%, 0, 0, 2, 210.21, 54530, 330
219, 0, 309, 390, 171, 29, 0.00%, 0, 0, 2, 208.98, 55570, 330
224, 0, 309, 390, 171, 29, 0.00%, 0, 0, 2, 205.41, 56582, 330
229, 0, 309, 390, 171, 29, 0.00%, 0, 0, 2, 207.62, 57622, 330
234, 0, 309, 390, 171, 29, 0.00%, 0, 0, 2, 209.12, 58670, 330
239, 0, 309, 390, 171, 29, 0.00%, 0, 0, 2, 205.75, 59718, 330
245, 0, 309, 390, 171, 29, 0.00%, 0, 0, 2, 204.56, 60750, 330
250, 0, 309, 390, 171, 29, 0.00%, 0, 0, 2, 206.28, 61782, 330
255, 0, 309, 390, 171, 29, 0.00%, 0, 0, 2, 212.19, 62846, 330
260, 0, 309, 390, 171, 29, 0.00%, 0, 0, 2, 205.69, 63886, 330
265, 0, 309, 390, 171, 29, 0.00%, 0, 0, 2, 197.75, 64869, 330
270, 0, 309, 390, 171, 29, 0.00%, 0, 0, 2, 207.74, 65858, 330
275, 0, 309, 390, 171, 29, 0.00%, 0, 0, 2, 191.49, 66780, 330
280, 0, 309, 391, 172, 29, 0.00%, 0, 0, 2, 229.62, 67578, 331
285, 0, 309, 391, 172, 29, 0.00%, 0, 0, 2, 13.82, 68387, 331
290, 0, 374, 391, 171, 30, 0.00%, 0, 0, 2, 224.94, 69364, 331
295, 0, 374, 392, 172, 30, 0.00%, 0, 0, 2, 267.94, 70813, 333
300, 0, 374, 392, 172, 30, 0.00%, 0, 0, 2, 276.67, 72223, 333
305, 0, 374, 392, 172, 30, 0.00%, 0, 0, 2, 281.62, 73643, 333
310, 0, 374, 392, 172, 30, 0.00%, 0, 0, 2, 282.06, 75063, 333
316, 0, 374, 392, 172, 30, 0.00%, 0, 0, 2, 282.79, 76498, 333
321, 0, 379, 392, 171, 30, 0.00%, 0, 0, 2, 254.31, 77783, 333
326, 0, 379, 392, 171, 30, 0.00%, 0, 0, 2, 237.08, 78939, 333
331, 0, 379, 393, 172, 30, 0.00%, 0, 0, 3, 25.40, 79979, 335
336, 0, 379, 393, 172, 30, 0.00%, 0, 0, 3, 237.60, 81171, 335
341, 0, 379, 393, 172, 30, 0.00%, 0, 0, 3, 242.10, 82399, 335
346, 0, 379, 393, 172, 30, 0.00%, 0, 0, 3, 238.16, 83647, 335
351, 0, 379, 393, 172, 30, 0.00%, 0, 0, 3, 240.55, 84855, 335
356, 0, 379, 393, 172, 30, 0.00%, 0, 0, 3, 233.67, 86067, 335
361, 0, 379, 393, 172, 30, 0.00%, 0, 0, 3, 227.66, 87239, 335
367, 0, 379, 393, 172, 30, 0.00%, 0, 0, 3, 232.36, 88431, 335
372, 0, 379, 393, 172, 30, 0.00%, 0, 0, 3, 224.35, 89555, 335
377, 0, 379, 394, 173, 30, 0.00%, 0, 0, 3, 234.18, 90751, 335
382, 0, 379, 394, 173, 30, 0.00%, 0, 0, 3, 230.31, 91947, 335
387, 0, 379, 394, 173, 30, 0.00%, 0, 0, 3, 230.56, 93115, 335
392, 0, 379, 394, 173, 30, 0.00%, 0, 0, 3, 234.45, 94291, 335
397, 0, 379, 394, 173, 30, 0.00%, 0, 0, 3, 225.55, 95419, 335
402, 0, 379, 394, 173, 30, 0.00%, 0, 0, 3, 224.27, 96559, 335
407, 0, 379, 394, 173, 30, 0.00%, 0, 0, 3, 236.96, 97795, 335
412, 0, 379, 394, 173, 30, 0.00%, 0, 0, 3, 240.29, 99043, 335
417, 0, 379, 394, 173, 30, 0.00%, 0, 0, 3, 244.68, 100315, 335
423, 0, 379, 394, 173, 30, 0.00%, 0, 0, 3, 237.28, 101547, 335
428, 0, 379, 394, 173, 30, 0.00%, 0, 0, 3, 245.76, 102827, 335
433, 0, 379, 394, 173, 30, 0.00%, 0, 0, 3, 241.18, 104035, 335
438, 0, 379, 394, 173, 30, 0.00%, 0, 0, 3, 236.18, 105223, 335
443, 0, 379, 394, 173, 30, 0.00%, 0, 0, 3, 237.46, 106447, 335
448, 0, 379, 394, 173, 30, 0.00%, 0, 0, 3, 242.58, 107675, 335
453, 0, 379, 394, 173, 30, 0.00%, 0, 0, 3, 241.40, 108919, 335
458, 0, 381, 394, 172, 30, 0.00%, 0, 0, 3, 253.84, 110166, 335
463, 0, 381, 394, 172, 30, 0.00%, 0, 0, 3, 337.92, 112016, 335
469, 0, 381, 394, 172, 30, 0.00%, 0, 0, 3, 359.83, 113907, 335
474, 0, 381, 394, 172, 30, 0.00%, 0, 0, 3, 366.54, 115769, 335
479, 0, 381, 394, 172, 30, 0.00%, 0, 0, 3, 362.89, 117624, 335
484, 0, 378, 394, 171, 29, 0.00%, 0, 0, 3, 278.62, 118959, 335
489, 0, 378, 394, 171, 29, 0.00%, 0, 0, 3, 238.22, 120104, 335
494, 0, 378, 394, 171, 29, 0.00%, 0, 0, 3, 235.13, 121252, 335
499, 0, 378, 395, 172, 29, 0.00%, 0, 0, 3, 232.61, 122368, 336
504, 0, 378, 395, 172, 29, 0.00%, 0, 0, 3, 214.30, 123340, 336
509, 0, 378, 395, 172, 29, 0.00%, 0, 0, 3, 168.85, 123929, 336
514, 0, 378, 395, 172, 29, 0.00%, 0, 0, 3, 244.73, 124744, 336
519, 0, 378, 395, 172, 29, 0.00%, 0, 0, 3, 210.53, 125692, 336
524, 0, 378, 395, 172, 29, 0.00%, 0, 0, 3, 205.00, 126720, 336
530, 0, 378, 395, 172, 29, 0.00%, 0, 0, 3, 212.59, 127388, 336
535, 0, 378, 395, 172, 29, 0.00%, 0, 0, 3, 4.77, 128087, 336
540, 0, 378, 395, 172, 29, 0.00%, 0, 0, 3, 137.16, 128884, 336
545, 0, 378, 395, 172, 29, 0.00%, 0, 0, 3, 206.30, 129944, 336
550, 0, 378, 395, 172, 29, 0.00%, 0, 0, 3, 245.38, 131220, 336
556, 0, 378, 395, 172, 29, 0.00%, 0, 0, 3, 246.91, 132508, 336
561, 0, 378, 395, 172, 29, 0.00%, 0, 0, 3, 243.63, 133776, 336
566, 0, 378, 395, 172, 29, 0.00%, 0, 0, 3, 245.04, 134988, 336
571, 0, 378, 395, 172, 29, 0.00%, 0, 0, 3, 252.08, 136272, 336
576, 0, 378, 395, 172, 29, 0.00%, 0, 0, 3, 248.87, 137508, 336
581, 0, 378, 395, 172, 29, 0.00%, 0, 0, 3, 235.14, 138716, 336
586, 0, 378, 395, 172, 29, 0.00%, 0, 0, 3, 226.37, 139792, 336
591, 0, 378, 395, 172, 29, 0.00%, 0, 0, 3, 240.23, 141004, 336
597, 0, 378, 395, 172, 29, 0.00%, 0, 0, 3, 255.87, 142347, 336
602, 0, 378, 395, 172, 29, 0.00%, 0, 0, 3, 258.22, 143647, 336
607, 0, 378, 395, 172, 29, 0.00%, 0, 0, 3, 256.16, 144932, 336
612, 0, 378, 395, 172, 29, 0.00%, 0, 0, 3, 248.07, 146204, 336
617, 0, 378, 395, 172, 29, 0.00%, 0, 0, 3, 259.00, 147497, 336
622, 0, 378, 395, 172, 29, 0.00%, 0, 0, 3, 249.50, 148736, 336
627, 0, 378, 395, 172, 29, 0.00%, 0, 0, 3, 257.95, 149757, 336
632, 0, 378, 395, 172, 29, 0.00%, 0, 0, 3, 247.08, 150737, 336
638, 0, 215, 395, 171, 30, 0.00%, 0, 0, 3, 316.43, 152145, 336
643, 0, 215, 395, 171, 30, 0.00%, 0, 0, 3, 382.07, 154227, 336
648, 0, 215, 395, 171, 30, 0.00%, 0, 0, 3, 393.12, 156215, 336
653, 0, 215, 395, 171, 30, 0.00%, 0, 0, 3, 377.70, 158105, 336
658, 0, 394, 395, 170, 28, 0.00%, 0, 0, 3, 317.37, 159730, 336
663, 0, 394, 395, 170, 28, 0.00%, 0, 0, 3, 264.05, 161010, 336
668, 0, 394, 395, 170, 28, 0.00%, 0, 0, 3, 249.23, 162244, 336
673, 0, 394, 395, 170, 28, 0.00%, 0, 0, 3, 248.69, 163500, 336
678, 0, 394, 395, 170, 28, 0.00%, 0, 0, 3, 218.21, 164588, 336
683, 0, 394, 396, 171, 28, 0.00%, 0, 0, 4, 221.18, 165652, 337
688, 0, 394, 396, 171, 28, 0.00%, 0, 0, 4, 237.51, 166860, 337
693, 0, 394, 396, 171, 28, 0.00%, 0, 0, 4, 233.82, 168028, 337
698, 0, 394, 396, 171, 28, 0.00%, 0, 0, 4, 239.23, 169228, 337
704, 0, 394, 396, 171, 28, 0.00%, 0, 0, 4, 242.33, 170488, 337
709, 0, 394, 396, 171, 28, 0.00%, 0, 0, 4, 239.35, 171680, 337
714, 0, 394, 396, 171, 28, 0.00%, 0, 0, 4, 241.91, 172892, 337
719, 0, 394, 396, 171, 28, 0.00%, 0, 0, 4, 240.83, 174144, 337
724, 0, 394, 396, 171, 28, 0.00%, 0, 0, 4, 238.20, 175380, 337
729, 0, 394, 396, 171, 28, 0.00%, 0, 0, 4, 228.19, 176496, 337
734, 0, 394, 396, 171, 28, 0.00%, 0, 0, 4, 244.15, 177780, 337
739, 0, 394, 396, 171, 28, 0.00%, 0, 0, 4, 253.47, 179055, 337
744, 0, 394, 396, 171, 28, 0.00%, 0, 0, 4, 235.54, 180236, 337
749, 0, 394, 396, 171, 28, 0.00%, 0, 0, 4, 225.47, 181244, 337
755, 0, 394, 396, 171, 28, 0.00%, 0, 0, 4, 231.67, 182396, 337
760, 0, 394, 396, 171, 28, 0.00%, 0, 0, 4, 230.80, 183364, 337
765, 0, 394, 396, 171, 28, 0.00%, 0, 0, 4, 239.82, 184556, 337
770, 0, 394, 396, 171, 28, 0.00%, 0, 0, 4, 241.63, 185768, 337
775, 0, 394, 396, 171, 28, 0.00%, 0, 0, 4, 223.38, 186948, 337
780, 0, 394, 396, 171, 28, 0.00%, 0, 0, 4, 237.03, 188164, 337
786, 0, 394, 396, 171, 28, 0.00%, 0, 0, 4, 221.49, 189344, 337
791, 0, 394, 396, 171, 28, 0.00%, 0, 0, 4, 227.87, 190424, 337
796, 0, 394, 396, 171, 28, 0.00%, 0, 0, 4, 228.52, 191580, 337
801, 0, 382, 396, 170, 27, 0.00%, 0, 0, 4, 262.93, 192909, 337
806, 0, 382, 396, 170, 27, 0.00%, 0, 0, 4, 278.56, 194339, 337
811, 0, 382, 396, 170, 27, 0.00%, 0, 0, 4, 284.32, 195774, 337
816, 0, 382, 396, 170, 27, 0.00%, 0, 0, 4, 285.39, 197204, 337
821, 0, 382, 396, 170, 27, 0.00%, 0, 0, 4, 285.33, 198629, 337
826, 0, 382, 396, 170, 27, 0.00%, 0, 0, 4, 282.00, 200039, 337
831, 0, 380, 396, 169, 26, 0.00%, 0, 0, 4, 331.31, 201756, 337
836, 0, 380, 396, 169, 26, 0.00%, 0, 0, 4, 355.51, 203594, 337
841, 0, 380, 396, 169, 26, 0.00%, 0, 0, 4, 368.48, 205449, 337
846, 0, 380, 396, 169, 26, 0.00%, 0, 0, 4, 370.64, 207304, 337
851, 0, 188, 396, 168, 25, 0.00%, 0, 0, 4, 375.38, 209169, 337
856, 0, 188, 396, 168, 25, 0.00%, 0, 0, 4, 376.78, 211136, 337
861, 0, 188, 396, 168, 25, 0.00%, 0, 0, 4, 367.49, 212991, 337
866, 0, 188, 396, 168, 25, 0.00%, 0, 0, 4, 364.61, 214825, 337
871, 0, 188, 396, 168, 25, 0.00%, 0, 0, 4, 367.46, 216652, 337
877, 0, 338, 397, 168, 24, 0.00%, 0, 0, 4, 233.83, 217665, 337
882, 0, 338, 397, 168, 24, 0.00%, 0, 0, 4, 221.42, 218762, 337
887, 0, 338, 397, 168, 24, 0.00%, 0, 0, 4, 195.41, 219653, 337
892, 0, 338, 397, 168, 24, 0.00%, 0, 0, 4, 189.71, 220346, 337
897, 0, 338, 397, 168, 24, 0.00%, 0, 0, 4, 204.34, 221226, 337
902, 0, 338, 397, 168, 24, 0.00%, 0, 0, 4, 210.25, 222034, 337
907, 0, 338, 397, 168, 24, 0.00%, 0, 0, 4, 223.13, 222962, 337
912, 0, 338, 397, 168, 24, 0.00%, 0, 0, 4, 230.76, 224138, 337
917, 0, 338, 397, 168, 24, 0.00%, 0, 0, 4, 236.82, 225338, 337
923, 0, 338, 397, 168, 24, 0.00%, 0, 0, 4, 233.57, 226530, 337
928, 0, 338, 397, 168, 24, 0.00%, 0, 0, 4, 238.34, 227738, 337
933, 0, 338, 397, 168, 24, 0.00%, 0, 0, 4, 222.61, 228866, 337
938, 0, 338, 397, 168, 24, 0.00%, 0, 0, 4, 233.39, 230078, 337
943, 0, 338, 397, 168, 24, 0.00%, 0, 0, 4, 237.48, 231310, 337
948, 0, 338, 397, 168, 24, 0.00%, 0, 0, 4, 217.05, 232446, 337
953, 0, 338, 397, 168, 24, 0.00%, 0, 0, 4, 219.74, 233514, 337
958, 0, 338, 397, 168, 24, 0.00%, 0, 0, 4, 237.77, 234730, 337
964, 0, 338, 397, 168, 24, 0.00%, 0, 0, 4, 234.78, 235942, 337
969, 0, 338, 397, 168, 24, 0.00%, 0, 0, 4, 239.47, 237194, 337
974, 0, 338, 397, 168, 24, 0.00%, 0, 0, 4, 238.36, 238386, 337
979, 0, 338, 397, 168, 24, 0.00%, 0, 0, 4, 237.61, 239610, 337
984, 0, 338, 397, 168, 24, 0.00%, 0, 0, 4, 233.29, 240774, 337
989, 0, 338, 397, 168, 24, 0.00%, 0, 0, 4, 235.71, 241998, 337
994, 0, 338, 397, 168, 24, 0.00%, 0, 0, 4, 236.46, 243182, 337
999, 0, 338, 397, 168, 24, 0.00%, 0, 0, 4, 235.28, 244358, 337
1004, 0, 338, 397, 168, 24, 0.00%, 0, 0, 4, 233.52, 245570, 337
1009, 0, 338, 397, 168, 24, 0.00%, 0, 0, 4, 235.38, 246738, 337
1015, 0, 338, 397, 168, 24, 0.00%, 0, 0, 4, 227.11, 247926, 337
1020, 0, 338, 397, 168, 24, 0.00%, 0, 0, 4, 229.02, 249078, 337
1025, 0, 197, 397, 167, 23, 0.00%, 0, 0, 4, 289.23, 250515, 337
1030, 0, 197, 398, 168, 23, 0.00%, 0, 0, 4, 341.46, 252324, 338
1035, 0, 197, 398, 168, 23, 0.00%, 0, 0, 4, 351.59, 254163, 338
1040, 0, 197, 398, 168, 23, 0.00%, 0, 0, 4, 341.61, 255906, 338
1045, 0, 197, 398, 168, 23, 0.00%, 0, 0, 4, 342.22, 257610, 338
1050, 0, 384, 398, 167, 23, 0.00%, 0, 0, 4, 185.17, 258277, 338
1055, 0, 384, 398, 167, 23, 0.00%, 0, 0, 4, 183.39, 259001, 338
1061, 0, 384, 398, 167, 23, 0.00%, 0, 0, 4, 168.25, 259778, 338
1066, 0, 384, 398, 167, 23, 0.00%, 0, 0, 4, 168.99, 260627, 338
1071, 0, 384, 398, 167, 23, 0.00%, 0, 0, 4, 201.21, 261715, 338
1076, 0, 384, 398, 167, 23, 0.00%, 0, 0, 4, 202.62, 262771, 338
1081, 0, 384, 398, 167, 23, 0.00%, 0, 0, 4, 191.12, 263729, 338
1086, 0, 384, 398, 167, 23, 0.00%, 0, 0, 4, 176.50, 264593, 338
1091, 0, 384, 398, 167, 23, 0.00%, 0, 0, 4, 189.45, 265538, 338
1096, 0, 384, 398, 167, 23, 0.00%, 0, 0, 4, 208.14, 266607, 338
1101, 0, 384, 398, 167, 23, 0.00%, 0, 0, 4, 199.45, 267560, 338
1106, 0, 384, 398, 167, 23, 0.00%, 0, 0, 4, 204.57, 268619, 338
1111, 0, 384, 398, 167, 23, 0.00%, 0, 0, 4, 202.57, 269611, 338
1117, 0, 384, 398, 167, 23, 0.00%, 0, 0, 4, 205.88, 270651, 338
1122, 0, 384, 398, 167, 23, 0.00%, 0, 0, 4, 212.60, 271735, 338
1127, 0, 384, 398, 167, 23, 0.00%, 0, 0, 4, 213.88, 272811, 338
1132, 0, 384, 398, 167, 23, 0.00%, 0, 0, 4, 203.35, 273839, 338
1137, 0, 384, 398, 167, 23, 0.00%, 0, 0, 4, 201.76, 274859, 338
1142, 0, 384, 398, 167, 23, 0.00%, 0, 0, 4, 200.36, 275858, 338
1147, 0, 384, 398, 167, 23, 0.00%, 0, 0, 4, 208.72, 276919, 338
1152, 0, 384, 398, 167, 23, 0.00%, 0, 0, 4, 191.25, 277856, 338
1157, 0, 384, 398, 167, 23, 0.00%, 0, 0, 4, 210.48, 278951, 338
1162, 0, 384, 398, 167, 23, 0.00%, 0, 0, 4, 212.98, 280035, 338
1167, 0, 384, 398, 167, 23, 0.00%, 0, 0, 4, 216.54, 281175, 338
1173, 0, 384, 398, 167, 23, 0.00%, 0, 0, 4, 215.43, 282303, 338
1178, 0, 384, 398, 167, 23, 0.00%, 0, 0, 4, 215.62, 283431, 338
1183, 0, 384, 398, 167, 23, 0.00%, 0, 0, 4, 217.61, 284531, 338
1188, 0, 384, 398, 167, 23, 0.00%, 0, 0, 4, 211.04, 285567, 338
1193, 0, 384, 398, 167, 23, 0.00%, 0, 0, 4, 221.05, 286703, 338
1198, 0, 384, 399, 168, 23, 0.00%, 0, 0, 4, 221.00, 287811, 338
1203, 0, 384, 399, 168, 23, 0.00%, 0, 0, 4, 227.20, 288995, 338
1209, 0, 384, 399, 168, 23, 0.00%, 0, 0, 4, 222.69, 290143, 338
1214, 0, 203, 399, 167, 22, 0.00%, 0, 0, 4, 296.89, 291642, 338
1219, 0, 203, 399, 167, 22, 0.00%, 0, 0, 4, 346.03, 293489, 338
1224, 0, 203, 399, 167, 22, 0.00%, 0, 0, 4, 356.57, 295309, 338
1229, 0, 203, 399, 167, 22, 0.00%, 0, 0, 4, 359.97, 297150, 338
1234, 0, 366, 399, 166, 21, 0.00%, 0, 0, 4, 348.93, 298937, 338
1239, 0, 366, 399, 166, 21, 0.00%, 0, 0, 4, 350.33, 300732, 338
1244, 0, 366, 399, 166, 21, 0.00%, 0, 0, 4, 351.51, 302531, 338
1250, 0, 366, 399, 166, 21, 0.00%, 0, 0, 4, 353.28, 304358, 338
1255, 0, 366, 399, 166, 21, 0.00%, 0, 0, 4, 355.83, 306199, 338
1260, 0, 391, 400, 166, 20, 0.00%, 0, 0, 4, 341.62, 307923, 340
1265, 0, 391, 400, 166, 20, 0.00%, 0, 0, 4, 350.07, 309723, 340
1270, 0, 391, 400, 166, 20, 0.00%, 0, 0, 4, 352.09, 311484, 340
1275, 0, 391, 400, 166, 20, 0.00%, 0, 0, 4, 350.53, 313276, 340
1280, 0, 391, 400, 166, 20, 0.00%, 0, 0, 4, 348.17, 315069, 340
1285, 0, 362, 400, 165, 20, 0.00%, 0, 0, 4, 290.26, 316482, 340
1290, 0, 362, 400, 165, 20, 0.00%, 0, 0, 4, 269.39, 317817, 340
1295, 0, 362, 400, 165, 20, 0.00%, 0, 0, 4, 266.65, 319182, 340
1301, 0, 362, 400, 165, 20, 0.00%, 0, 0, 4, 265.68, 320567, 340
1306, 0, 362, 400, 165, 20, 0.00%, 0, 0, 4, 265.26, 321897, 340
1311, 0, 362, 400, 165, 20, 0.00%, 0, 0, 4, 242.27, 323159, 340
1316, 0, 362, 400, 165, 20, 0.00%, 0, 0, 4, 243.54, 324395, 340
1321, 0, 362, 400, 165, 20, 0.00%, 0, 0, 4, 262.89, 325777, 340
1326, 0, 362, 400, 165, 20, 0.00%, 0, 0, 4, 263.76, 327152, 340
1331, 0, 362, 400, 165, 20, 0.00%, 0, 0, 4, 263.49, 328477, 340
1336, 0, 362, 400, 165, 20, 0.00%, 0, 0, 4, 267.45, 329827, 340
1342, 0, 362, 400, 165, 20, 0.00%, 0, 0, 4, 262.89, 331202, 340
1347, 0, 362, 400, 165, 20, 0.00%, 0, 0, 4, 263.10, 332522, 340
1352, 0, 362, 400, 165, 20, 0.00%, 0, 0, 4, 263.72, 333902, 340
1357, 0, 362, 400, 165, 20, 0.00%, 0, 0, 4, 249.19, 335115, 340
1362, 0, 362, 400, 165, 20, 0.00%, 0, 0, 4, 264.59, 336502, 340
1367, 0, 362, 400, 165, 20, 0.00%, 0, 0, 4, 255.92, 337842, 340
1372, 0, 362, 400, 165, 20, 0.00%, 0, 0, 4, 255.73, 339132, 340
1377, 0, 362, 400, 165, 20, 0.00%, 0, 0, 4, 263.41, 340462, 340
1382, 0, 362, 400, 165, 20, 0.00%, 0, 0, 4, 262.57, 341792, 340
1387, 0, 362, 400, 165, 20, 0.00%, 0, 0, 4, 263.81, 343127, 340
1392, 0, 362, 400, 165, 20, 0.00%, 0, 0, 4, 263.11, 344442, 340
1398, 0, 362, 400, 165, 20, 0.00%, 0, 0, 4, 261.70, 345732, 340
1403, 0, 362, 400, 165, 20, 0.00%, 0, 0, 4, 245.47, 346895, 340
1408, 0, 362, 400, 165, 20, 0.00%, 0, 0, 4, 248.10, 348183, 340
1413, 0, 399, 400, 164, 19, 0.00%, 0, 0, 4, 329.32, 349956, 340
1418, 0, 399, 400, 164, 19, 0.00%, 0, 0, 4, 350.02, 351768, 340
1423, 0, 399, 400, 164, 19, 0.00%, 0, 0, 4, 352.41, 353519, 340
1428, 0, 399, 400, 164, 19, 0.00%, 0, 0, 4, 354.75, 355325, 340
1433, 0, 169, 400, 163, 18, 0.00%, 0, 0, 4, 322.69, 357008, 340
1438, 0, 169, 400, 163, 18, 0.00%, 0, 0, 4, 289.48, 358421, 340
1443, 0, 169, 400, 163, 18, 0.00%, 0, 0, 4, 279.28, 359871, 340
1449, 0, 169, 400, 163, 18, 0.00%, 0, 0, 4, 281.66, 361276, 340
1454, 0, 169, 400, 163, 18, 0.00%, 0, 0, 4, 279.86, 362721, 340
1459, 0, 169, 400, 163, 18, 0.00%, 0, 0, 4, 275.23, 364101, 340
1464, 0, 169, 400, 163, 18, 0.00%, 0, 0, 4, 278.30, 365506, 340
1469, 0, 169, 400, 163, 18, 0.00%, 0, 0, 4, 280.81, 366961, 340
1474, 0, 169, 400, 163, 18, 0.00%, 0, 0, 4, 277.63, 368331, 340
1479, 0, 169, 400, 163, 18, 0.00%, 0, 0, 4, 288.41, 369831, 340
1485, 0, 169, 400, 163, 18, 0.00%, 0, 0, 4, 283.16, 371301, 340
1490, 0, 169, 400, 163, 18, 0.00%, 0, 0, 4, 272.85, 372676, 340
1495, 0, 169, 400, 163, 18, 0.00%, 0, 0, 4, 279.71, 374091, 340
1500, 0, 169, 400, 163, 18, 0.00%, 0, 0, 4, 277.64, 375521, 340
1505, 0, 169, 400, 163, 18, 0.00%, 0, 0, 4, 281.36, 376946, 340
1510, 0, 169, 400, 163, 18, 0.00%, 0, 0, 4, 268.16, 378276, 340
1515, 0, 169, 400, 163, 18, 0.00%, 0, 0, 4, 277.87, 379661, 340
1520, 0, 169, 400, 163, 18, 0.00%, 0, 0, 4, 277.74, 381031, 340
1525, 0, 41, 400, 162, 17, 0.00%, 0, 0, 4, 340.11, 382838, 340
1530, 0, 41, 400, 162, 17, 0.00%, 0, 0, 4, 357.13, 384678, 340
1535, 0, 41, 400, 162, 17, 0.00%, 0, 0, 4, 356.00, 386449, 340
1540, 0, 41, 400, 162, 17, 0.00%, 0, 0, 4, 370.18, 388318, 340
1545, 0, 41, 400, 162, 17, 0.00%, 0, 0, 4, 360.65, 390138, 340
1551, 0, 41, 400, 162, 17, 0.00%, 0, 0, 4, 360.12, 391958, 340
1556, 0, 41, 400, 162, 17, 0.00%, 0, 0, 4, 361.59, 393764, 340
1561, 0, 41, 400, 162, 17, 0.00%, 0, 0, 4, 353.48, 395549, 340
1566, 0, 41, 400, 162, 17, 0.00%, 0, 0, 4, 350.97, 397306, 340
1571, 0, 41, 400, 162, 17, 0.00%, 0, 0, 4, 356.28, 399140, 340
1576, 0, 41, 400, 162, 17, 0.00%, 0, 0, 4, 357.28, 400932, 340
1581, 0, 41, 400, 162, 17, 0.00%, 0, 0, 4, 354.16, 402724, 340
1586, 0, 41, 400, 162, 17, 0.00%, 0, 0, 4, 356.12, 404537, 340
1591, 0, 397, 400, 161, 16, 0.00%, 0, 0, 4, 368.70, 406367, 340
1596, 0, 397, 400, 161, 16, 0.00%, 0, 0, 4, 372.44, 408243, 340
1601, 0, 397, 400, 161, 16, 0.00%, 0, 0, 4, 362.42, 410119, 340
1606, 0, 397, 400, 161, 16, 0.00%, 0, 0, 4, 368.08, 411974, 340
1611, 0, 397, 400, 161, 16, 0.00%, 0, 0, 4, 368.23, 413822, 340
1616, 0, 397, 400, 161, 16, 0.00%, 0, 0, 4, 368.07, 415670, 340
1621, 0, 397, 400, 161, 16, 0.00%, 0, 0, 4, 363.49, 417504, 340
1626, 0, 397, 400, 161, 16, 0.00%, 0, 0, 4, 364.85, 419352, 340
1631, 0, 397, 400, 161, 16, 0.00%, 0, 0, 4, 366.56, 421193, 340
1637, 0, 397, 400, 161, 16, 0.00%, 0, 0, 4, 366.83, 423041, 340
1642, 0, 397, 400, 161, 16, 0.00%, 0, 0, 4, 363.02, 424847, 340
1647, 0, 397, 400, 161, 16, 0.00%, 0, 0, 4, 363.25, 426660, 340
1652, 0, 397, 400, 161, 16, 0.00%, 0, 0, 4, 364.53, 428487, 340
1657, 0, 397, 400, 161, 16, 0.00%, 0, 0, 4, 364.08, 430314, 340
1662, 0, 300, 402, 162, 15, 0.00%, 0, 0, 4, 67.66, 430700, 348
1667, 0, 300, 402, 162, 15, 0.00%, 0, 0, 4, 67.62, 431050, 348
1672, 0, 300, 402, 162, 15, 0.00%, 0, 0, 4, 62.33, 431370, 348
1677, 0, 300, 402, 162, 15, 0.00%, 0, 0, 4, 64.63, 431700, 348
1682, 0, 300, 402, 162, 15, 0.00%, 0, 0, 4, 67.28, 432039, 348
1688, 0, 300, 402, 162, 15, 0.00%, 0, 0, 4, 63.07, 432320, 348
1693, 0, 300, 402, 162, 15, 0.00%, 0, 0, 4, 66.44, 432669, 348
1698, 0, 300, 402, 162, 15, 0.00%, 0, 0, 4, 67.66, 433021, 348
1703, 0, 300, 402, 162, 15, 0.00%, 0, 0, 4, 67.83, 433374, 348
1708, 0, 300, 402, 162, 15, 0.00%, 0, 0, 4, 68.02, 433722, 348
1713, 0, 300, 402, 162, 15, 0.00%, 0, 0, 4, 68.60, 434078, 348
1719, 0, 300, 402, 162, 15, 0.00%, 0, 0, 4, 69.25, 434435, 348
1724, 0, 300, 402, 162, 15, 0.00%, 0, 0, 4, 69.36, 434792, 348
1729, 0, 300, 402, 162, 15, 0.00%, 0, 0, 4, 68.48, 435143, 348
1734, 0, 300, 402, 162, 15, 0.00%, 0, 0, 4, 67.09, 435482, 348
1739, 0, 300, 402, 162, 15, 0.00%, 0, 0, 4, 67.53, 435833, 348
1744, 0, 300, 402, 162, 15, 0.00%, 0, 0, 4, 68.33, 436186, 348
1749, 0, 300, 402, 162, 15, 0.00%, 0, 0, 4, 68.22, 436527, 348
1754, 0, 300, 402, 162, 15, 0.00%, 0, 0, 4, 68.15, 436878, 348
1760, 0, 300, 402, 162, 15, 0.00%, 0, 0, 4, 67.88, 437229, 348
1765, 0, 300, 402, 162, 15, 0.00%, 0, 0, 4, 68.62, 437582, 348
1770, 0, 300, 402, 162, 15, 0.00%, 0, 0, 4, 68.85, 437937, 348
1775, 0, 300, 402, 162, 15, 0.00%, 0, 0, 4, 66.63, 438275, 348
1780, 0, 300, 402, 162, 15, 0.00%, 0, 0, 4, 65.70, 438619, 348
1785, 0, 300, 402, 162, 15, 0.00%, 0, 0, 4, 66.42, 438953, 348
1790, 0, 300, 402, 162, 15, 0.00%, 0, 0, 4, 67.60, 439304, 348
1796, 0, 300, 402, 162, 15, 0.00%, 0, 0, 4, 62.92, 439626, 348
1801, 0, 300, 402, 162, 15, 0.00%, 0, 0, 4, 59.54, 439920, 348
1806, 0, 300, 402, 162, 15, 0.00%, 0, 0, 4, 60.52, 440214, 348
1811, 0, 300, 402, 162, 15, 0.00%, 0, 0, 4, 63.78, 440541, 348
1816, 0, 300, 402, 162, 15, 0.00%, 0, 0, 4, 66.07, 440882, 348
1821, 0, 300, 402, 162, 15, 0.00%, 0, 0, 4, 67.70, 441232, 348
1826, 0, 300, 402, 162, 15, 0.00%, 0, 0, 4, 68.71, 441590, 348
1832, 0, 300, 402, 162, 15, 0.00%, 0, 0, 4, 68.56, 441948, 348
1837, 0, 300, 402, 162, 15, 0.00%, 0, 0, 4, 68.53, 442302, 348
1842, 0, 300, 402, 162, 15, 0.00%, 0, 0, 4, 67.72, 442651, 348
1847, 0, 300, 402, 162, 15, 0.00%, 0, 0, 4, 67.59, 442998, 348
1852, 0, 300, 402, 162, 15, 0.00%, 0, 0, 4, 68.10, 443350, 348
1857, 0, 300, 402, 162, 15, 0.00%, 0, 0, 4, 68.50, 443704, 348
1862, 0, 300, 402, 162, 15, 0.00%, 0, 0, 4, 67.77, 444057, 348
1868, 0, 300, 402, 162, 15, 0.00%, 0, 0, 4, 67.60, 444406, 348
1873, 0, 300, 402, 162, 15, 0.00%, 0, 0, 4, 68.65, 444765, 348
1878, 0, 300, 402, 162, 15, 0.00%, 0, 0, 4, 68.16, 445116, 348
1883, 0, 300, 402, 162, 15, 0.00%, 0, 0, 4, 68.22, 445467, 348
1888, 0, 300, 402, 162, 15, 0.00%, 0, 0, 4, 68.45, 445820, 348
1893, 0, 300, 402, 162, 15, 0.00%, 0, 0, 4, 67.76, 446166, 348
1899, 0, 300, 402, 162, 15, 0.00%, 0, 0, 4, 67.90, 446518, 348
1904, 0, 300, 402, 162, 15, 0.00%, 0, 0, 4, 67.19, 446865, 348
1909, 0, 300, 402, 162, 15, 0.00%, 0, 0, 4, 67.65, 447214, 348
1914, 0, 300, 402, 162, 15, 0.00%, 0, 0, 4, 68.89, 447567, 348
1919, 0, 300, 402, 162, 15, 0.00%, 0, 0, 4, 69.04, 447920, 348
1924, 0, 300, 402, 162, 15, 0.00%, 0, 0, 4, 67.27, 448266, 348
1929, 0, 300, 402, 162, 15, 0.00%, 0, 0, 4, 68.92, 448624, 348
1935, 0, 300, 402, 162, 15, 0.00%, 0, 0, 4, 68.49, 448974, 348
1940, 0, 300, 402, 162, 15, 0.00%, 0, 0, 4, 67.77, 449321, 348
1945, 0, 300, 402, 162, 15, 0.00%, 0, 0, 4, 66.97, 449665, 348
1950, 0, 300, 402, 162, 15, 0.00%, 0, 0, 4, 68.03, 450019, 348
1955, 0, 300, 402, 162, 15, 0.00%, 0, 0, 4, 68.47, 450374, 348
1960, 0, 300, 402, 162, 15, 0.00%, 0, 0, 4, 68.67, 450732, 348
1966, 0, 300, 402, 162, 15, 0.00%, 0, 0, 4, 68.63, 451083, 348
1971, 0, 300, 402, 162, 15, 0.00%, 0, 0, 4, 68.70, 451439, 348
1976, 0, 300, 402, 162, 15, 0.00%, 0, 0, 4, 66.61, 451788, 348
1981, 0, 300, 403, 163, 15, 0.00%, 0, 0, 4, 66.00, 452118, 348
1986, 0, 300, 403, 163, 15, 0.00%, 0, 0, 4, 61.66, 452431, 348
1991, 0, 300, 403, 163, 15, 0.00%, 0, 0, 4, 55.88, 452707, 348
1996, 0, 300, 403, 163, 15, 0.00%, 0, 0, 4, 63.19, 453029, 348
2001, 0, 300, 403, 163, 15, 0.00%, 0, 0, 4, 65.24, 453361, 348
2006, 0, 300, 403, 163, 15, 0.00%, 0, 0, 4, 64.62, 453684, 348
2012, 0, 300, 403, 163, 15, 0.00%, 0, 0, 4, 66.98, 454032, 348
2017, 0, 300, 403, 163, 15, 0.00%, 0, 0, 4, 66.62, 454377, 348
2022, 0, 300, 403, 163, 15, 0.00%, 0, 0, 4, 65.83, 454716, 348
2027, 0, 300, 403, 163, 15, 0.00%, 0, 0, 4, 65.39, 455056, 348
2032, 0, 300, 403, 163, 15, 0.00%, 0, 0, 4, 61.73, 455366, 348
2037, 0, 300, 403, 163, 15, 0.00%, 0, 0, 4, 63.77, 455686, 348
2042, 0, 300, 403, 163, 15, 0.00%, 0, 0, 4, 66.74, 456036, 348
2047, 0, 300, 403, 163, 15, 0.00%, 0, 0, 4, 65.79, 456366, 348
2052, 0, 300, 403, 163, 15, 0.00%, 0, 0, 4, 63.36, 456684, 348
2057, 0, 300, 403, 163, 15, 0.00%, 0, 0, 4, 67.26, 457021, 348
2063, 0, 300, 403, 163, 15, 0.00%, 0, 0, 4, 67.51, 457373, 348
2068, 0, 300, 403, 163, 15, 0.00%, 0, 0, 4, 64.43, 457694, 348
2073, 0, 300, 403, 163, 15, 0.00%, 0, 0, 4, 67.10, 458047, 348
2078, 0, 300, 403, 163, 15, 0.00%, 0, 0, 4, 67.39, 458396, 348
2083, 0, 300, 403, 163, 15, 0.00%, 0, 0, 4, 68.13, 458748, 348
2088, 0, 300, 403, 163, 15, 0.00%, 0, 0, 4, 67.89, 459096, 348
2094, 0, 300, 403, 163, 15, 0.00%, 0, 0, 4, 67.38, 459444, 348
2099, 0, 300, 403, 163, 15, 0.00%, 0, 0, 4, 67.17, 459791, 348
2104, 0, 300, 403, 163, 15, 0.00%, 0, 0, 4, 67.35, 460137, 348
2109, 0, 300, 403, 163, 15, 0.00%, 0, 0, 4, 65.77, 460472, 348
2114, 0, 300, 403, 163, 15, 0.00%, 0, 0, 4, 66.71, 460814, 348
2120, 0, 300, 403, 163, 15, 0.00%, 0, 0, 4, 68.69, 461173, 348
2125, 0, 300, 403, 163, 15, 0.00%, 0, 0, 4, 68.37, 461529, 348
2130, 0, 300, 403, 163, 15, 0.00%, 0, 0, 4, 68.11, 461879, 348
2135, 0, 300, 403, 163, 15, 0.00%, 0, 0, 4, 68.12, 462226, 348
2140, 0, 300, 403, 163, 15, 0.00%, 0, 0, 4, 66.63, 462556, 348
2145, 0, 300, 403, 163, 15, 0.00%, 0, 0, 4, 64.47, 462897, 348
2150, 0, 400, 403, 162, 17, 0.00%, 0, 0, 4, 77.95, 463274, 348
2155, 0, 400, 404, 163, 17, 0.00%, 0, 0, 4, 116.98, 463922, 348
2160, 0, 400, 404, 163, 17, 0.00%, 0, 0, 4, 125.23, 464558, 348
2166, 0, 400, 404, 163, 17, 0.00%, 0, 0, 4, 128.74, 465208, 348
2171, 0, 400, 404, 163, 17, 0.00%, 0, 0, 4, 127.81, 465870, 348
2176, 0, 400, 404, 163, 17, 0.00%, 0, 0, 4, 125.66, 466518, 348
2181, 0, 400, 404, 163, 17, 0.00%, 0, 0, 4, 125.36, 467172, 348
2186, 0, 400, 404, 163, 17, 0.00%, 0, 0, 4, 127.90, 467838, 348
2191, 0, 400, 404, 163, 17, 0.00%, 0, 0, 4, 126.63, 468490, 348
2197, 0, 400, 405, 164, 17, 0.00%, 0, 0, 4, 127.81, 469152, 348
2202, 0, 400, 405, 164, 17, 0.00%, 0, 0, 4, 127.20, 469814, 348
2207, 0, 400, 405, 164, 17, 0.00%, 0, 0, 4, 129.15, 470484, 348
2212, 0, 400, 405, 164, 17, 0.00%, 0, 0, 4, 128.27, 471144, 348
2217, 0, 400, 405, 164, 17, 0.00%, 0, 0, 4, 128.50, 471810, 348
2223, 0, 400, 405, 164, 17, 0.00%, 0, 0, 4, 124.98, 472450, 348
2228, 0, 400, 405, 164, 17, 0.00%, 0, 0, 4, 127.40, 473092, 348
2233, 0, 400, 405, 164, 17, 0.00%, 0, 0, 4, 128.82, 473760, 348
2238, 0, 400, 405, 164, 17, 0.00%, 0, 0, 4, 126.04, 474388, 348
2243, 0, 400, 405, 164, 17, 0.00%, 0, 0, 4, 122.66, 474982, 348
2248, 0, 400, 405, 164, 17, 0.00%, 0, 0, 4, 109.80, 475520, 348
2253, 0, 400, 405, 164, 17, 0.00%, 0, 0, 4, 121.59, 476144, 348
2258, 0, 400, 405, 164, 17, 0.00%, 0, 0, 4, 125.05, 476800, 348
2263, 0, 400, 405, 164, 17, 0.00%, 0, 0, 4, 125.35, 477450, 348
2269, 0, 400, 405, 164, 17, 0.00%, 0, 0, 4, 125.74, 478100, 348
2274, 0, 400, 405, 164, 17, 0.00%, 0, 0, 4, 125.91, 478752, 348
2279, 0, 400, 405, 164, 17, 0.00%, 0, 0, 4, 125.58, 479394, 348
2284, 0, 400, 405, 164, 17, 0.00%, 0, 0, 4, 122.59, 479992, 348
2289, 0, 400, 405, 164, 17, 0.00%, 0, 0, 4, 125.14, 480638, 348
2294, 0, 400, 405, 164, 17, 0.00%, 0, 0, 4, 127.39, 481308, 348
2300, 0, 400, 405, 164, 17, 0.00%, 0, 0, 4, 126.58, 481959, 348
2305, 0, 400, 405, 164, 17, 0.00%, 0, 0, 4, 125.35, 482607, 348
2310, 0, 400, 405, 164, 17, 0.00%, 0, 0, 4, 122.27, 483249, 348
2315, 0, 400, 405, 164, 17, 0.00%, 0, 0, 4, 118.57, 483855, 348
2320, 0, 400, 405, 164, 17, 0.00%, 0, 0, 4, 124.61, 484481, 348
2325, 0, 400, 405, 164, 17, 0.00%, 0, 0, 4, 125.89, 485133, 348
2330, 0, 400, 405, 164, 17, 0.00%, 0, 0, 4, 128.99, 485801, 348
2336, 0, 400, 405, 164, 17, 0.00%, 0, 0, 4, 128.54, 486465, 348
2341, 0, 400, 405, 164, 17, 0.00%, 0, 0, 4, 129.68, 487135, 348
2346, 0, 400, 405, 164, 17, 0.00%, 0, 0, 4, 130.92, 487813, 348
2351, 0, 400, 405, 164, 17, 0.00%, 0, 0, 4, 128.55, 488453, 348
2356, 0, 400, 405, 164, 17, 0.00%, 0, 0, 4, 128.96, 489115, 348
2361, 0, 400, 405, 164, 17, 0.00%, 0, 0, 4, 126.54, 489771, 348
2367, 0, 400, 405, 164, 17, 0.00%, 0, 0, 4, 126.47, 490431, 348
2372, 0, 400, 405, 164, 17, 0.00%, 0, 0, 4, 126.03, 491057, 348
2377, 0, 400, 405, 164, 17, 0.00%, 0, 0, 4, 127.50, 491719, 348
2382, 0, 400, 405, 164, 17, 0.00%, 0, 0, 4, 123.63, 492317, 348
2387, 0, 400, 405, 164, 17, 0.00%, 0, 0, 4, 120.46, 492899, 348
2392, 0, 400, 405, 164, 17, 0.00%, 0, 0, 4, 125.08, 493555, 348
2397, 0, 400, 405, 164, 17, 0.00%, 0, 0, 4, 125.48, 494209, 348
2402, 0, 400, 405, 164, 17, 0.00%, 0, 0, 4, 122.58, 494841, 348
2407, 0, 400, 405, 164, 17, 0.00%, 0, 0, 4, 124.75, 495487, 348
2413, 0, 13, 405, 163, 17, 0.00%, 0, 0, 4, 163.51, 496272, 348
2418, 0, 13, 405, 163, 17, 0.00%, 0, 0, 4, 253.11, 497697, 348
2423, 0, 13, 405, 163, 17, 0.00%, 0, 0, 4, 272.04, 499072, 348
2428, 0, 13, 405, 163, 17, 0.00%, 0, 0, 4, 265.39, 500427, 348
2433, 0, 13, 405, 163, 17, 0.00%, 0, 0, 4, 274.87, 501862, 348
2438, 0, 13, 405, 163, 17, 0.00%, 0, 0, 4, 261.72, 503167, 348
2443, 0, 13, 405, 163, 17, 0.00%, 0, 0, 4, 268.02, 504572, 348
2449, 0, 13, 405, 163, 17, 0.00%, 0, 0, 4, 275.06, 506012, 348
2454, 0, 13, 405, 163, 17, 0.00%, 0, 0, 4, 274.21, 507377, 348
2459, 0, 13, 405, 163, 17, 0.00%, 0, 0, 4, 278.32, 508772, 348
2464, 0, 13, 405, 163, 17, 0.00%, 0, 0, 4, 281.75, 510237, 348
2469, 0, 13, 405, 163, 17, 0.00%, 0, 0, 4, 275.78, 511652, 348
2474, 0, 13, 405, 163, 17, 0.00%, 0, 0, 4, 280.38, 513107, 348
2479, 0, 13, 405, 163, 17, 0.00%, 0, 0, 4, 285.79, 514552, 348
2484, 0, 13, 405, 163, 17, 0.00%, 0, 0, 4, 240.00, 515845, 348
2489, 0, 13, 405, 163, 17, 0.00%, 0, 0, 4, 240.17, 516982, 348
2494, 0, 13, 405, 163, 17, 0.00%, 0, 0, 4, 257.74, 518292, 348
2500, 0, 13, 405, 163, 17, 0.00%, 0, 0, 4, 247.21, 519506, 348
2505, 0, 13, 405, 163, 17, 0.00%, 0, 0, 4, 268.74, 520877, 348
2510, 0, 13, 405, 163, 17, 0.00%, 0, 0, 4, 270.81, 522257, 348
2515, 0, 13, 405, 163, 17, 0.00%, 0, 0, 4, 279.60, 523662, 348
2520, 0, 13, 405, 163, 17, 0.00%, 0, 0, 4, 293.52, 524907, 348
2525, 0, 13, 405, 163, 17, 0.00%, 0, 0, 4, 279.02, 526277, 348
2530, 0, 13, 405, 163, 17, 0.00%, 0, 0, 4, 276.35, 527667, 348
2535, 0, 369, 405, 162, 16, 0.00%, 0, 0, 4, 282.94, 529063, 348
2540, 0, 369, 405, 162, 16, 0.00%, 0, 0, 4, 342.41, 530932, 348
2545, 0, 369, 405, 162, 16, 0.00%, 0, 0, 4, 359.36, 532753, 348
2550, 0, 369, 405, 162, 16, 0.00%, 0, 0, 4, 364.99, 534601, 348
2555, 0, 369, 405, 162, 16, 0.00%, 0, 0, 4, 369.74, 536477, 348
2560, 0, 335, 406, 162, 15, 0.00%, 0, 0, 4, 280.53, 537883, 349
2566, 0, 335, 406, 162, 15, 0.00%, 0, 0, 4, 236.38, 538958, 349
2571, 0, 335, 407, 163, 15, 0.00%, 0, 0, 4, 236.49, 540178, 350
2576, 0, 335, 407, 163, 15, 0.00%, 0, 0, 4, 232.91, 541382, 350
2581, 0, 335, 407, 163, 15, 0.00%, 0, 0, 4, 222.77, 542486, 350
2586, 0, 335, 407, 163, 15, 0.00%, 0, 0, 4, 221.47, 543618, 350
2591, 0, 335, 407, 163, 15, 0.00%, 0, 0, 4, 218.50, 544694, 350
2596, 0, 335, 407, 163, 15, 0.00%, 0, 0, 4, 228.24, 545826, 350
2601, 0, 335, 407, 163, 15, 0.00%, 0, 0, 4, 222.62, 546918, 350
2606, 0, 335, 407, 163, 15, 0.00%, 0, 0, 4, 223.27, 548046, 350
2611, 0, 335, 407, 163, 15, 0.00%, 0, 0, 4, 221.20, 549158, 350
2616, 0, 335, 407, 163, 15, 0.00%, 0, 0, 4, 223.42, 550326, 350
2621, 0, 335, 407, 163, 15, 0.00%, 0, 0, 4, 189.78, 551198, 350
2626, 0, 335, 407, 163, 15, 0.00%, 0, 0, 4, 208.50, 552286, 350
2631, 0, 335, 407, 163, 15, 0.00%, 0, 0, 4, 217.57, 553398, 350
2636, 0, 335, 407, 163, 15, 0.00%, 0, 0, 4, 225.18, 554542, 350
2642, 0, 335, 407, 163, 15, 0.00%, 0, 0, 4, 231.89, 555750, 350
2647, 0, 335, 407, 163, 15, 0.00%, 0, 0, 4, 231.12, 556910, 350
2652, 0, 335, 407, 163, 15, 0.00%, 0, 0, 4, 229.65, 558066, 350
2657, 0, 335, 407, 163, 15, 0.00%, 0, 0, 4, 224.72, 559182, 350
2662, 0, 335, 407, 163, 15, 0.00%, 0, 0, 4, 230.56, 560378, 350
2667, 0, 335, 407, 163, 15, 0.00%, 0, 0, 4, 220.16, 561526, 350
2672, 0, 335, 407, 163, 15, 0.00%, 0, 0, 4, 210.04, 562550, 350
2677, 0, 335, 407, 163, 15, 0.00%, 0, 0, 4, 205.54, 563614, 350
2683, 0, 335, 407, 163, 15, 0.00%, 0, 0, 4, 27.47, 564602, 350
2688, 0, 335, 407, 163, 15, 0.00%, 0, 0, 4, 178.53, 565511, 350
2693, 0, 335, 407, 163, 15, 0.00%, 0, 0, 4, 183.80, 566408, 350
2698, 0, 335, 407, 163, 15, 0.00%, 0, 0, 4, 200.16, 567449, 350
2703, 0, 335, 407, 163, 15, 0.00%, 0, 0, 4, 197.41, 568445, 350
2708, 0, 335, 407, 163, 15, 0.00%, 0, 0, 4, 192.24, 569393, 350
2713, 0, 299, 409, 164, 16, 0.00%, 0, 0, 4, 198.97, 570428, 350
2718, 0, 299, 409, 164, 16, 0.00%, 0, 0, 4, 196.42, 571448, 350
2724, 0, 299, 410, 165, 16, 0.00%, 0, 0, 4, 203.16, 572508, 350
2729, 0, 299, 410, 165, 16, 0.00%, 0, 0, 4, 205.09, 573540, 350
2734, 0, 299, 410, 165, 16, 0.00%, 0, 0, 4, 212.90, 574648, 350
2739, 0, 299, 410, 165, 16, 0.00%, 0, 0, 4, 214.07, 575724, 350
2744, 0, 299, 410, 165, 16, 0.00%, 0, 0, 4, 211.00, 576776, 350
2749, 0, 299, 410, 165, 16, 0.00%, 0, 0, 4, 205.08, 577804, 350
2754, 0, 299, 410, 165, 16, 0.00%, 0, 0, 4, 209.18, 578856, 350
2759, 0, 299, 410, 165, 16, 0.00%, 0, 0, 4, 180.11, 579757, 350
2764, 0, 299, 410, 165, 16, 0.00%, 0, 0, 4, 147.73, 580639, 350
2769, 0, 299, 410, 165, 16, 0.00%, 0, 0, 4, 181.61, 581557, 350
2775, 0, 299, 410, 165, 16, 0.00%, 0, 0, 4, 204.63, 582644, 350
2780, 0, 299, 410, 165, 16, 0.00%, 0, 0, 4, 207.25, 583684, 350
2785, 0, 299, 410, 165, 16, 0.00%, 0, 0, 4, 194.79, 584665, 350
2790, 0, 299, 410, 165, 16, 0.00%, 0, 0, 4, 189.77, 585499, 350
2795, 0, 299, 410, 165, 16, 0.00%, 0, 0, 4, 176.01, 586339, 350
2800, 0, 299, 410, 165, 16, 0.00%, 0, 0, 4, 182.59, 587260, 350
2805, 0, 299, 410, 165, 16, 0.00%, 0, 0, 4, 193.09, 588253, 350
2810, 0, 299, 410, 165, 16, 0.00%, 0, 0, 4, 205.53, 589304, 350
2815, 0, 299, 410, 165, 16, 0.00%, 0, 0, 4, 207.06, 590328, 350
2820, 0, 299, 410, 165, 16, 0.00%, 0, 0, 4, 208.84, 591368, 350
2825, 0, 299, 410, 165, 16, 0.00%, 0, 0, 4, 206.75, 592416, 350
2830, 0, 299, 410, 165, 16, 0.00%, 0, 0, 4, 197.53, 593365, 350
2835, 0, 299, 410, 165, 16, 0.00%, 0, 0, 4, 194.23, 594331, 350
2840, 0, 299, 410, 165, 16, 0.00%, 0, 0, 4, 201.88, 595376, 350
2846, 0, 299, 410, 165, 16, 0.00%, 0, 0, 4, 210.74, 596465, 350
2851, 0, 299, 410, 165, 16, 0.00%, 0, 0, 4, 201.96, 597473, 350
2856, 0, 299, 410, 165, 16, 0.00%, 0, 0, 4, 205.97, 598473, 350
2861, 0, 299, 410, 165, 16, 0.00%, 0, 0, 4, 9.85, 599433, 350
2866, 0, 299, 410, 165, 16, 0.00%, 0, 0, 4, 209.12, 600501, 350
2871, 0, 299, 410, 165, 16, 0.00%, 0, 0, 4, 197.05, 601508, 350
2876, 0, 299, 410, 165, 16, 0.00%, 0, 0, 4, 205.73, 602569, 350
2881, 0, 404, 410, 164, 16, 0.00%, 0, 0, 4, 141.95, 603214, 350
2886, 0, 404, 410, 164, 16, 0.00%, 0, 0, 4, 123.26, 603814, 350
2891, 0, 404, 410, 164, 16, 0.00%, 0, 0, 4, 116.51, 604430, 350
2897, 0, 404, 410, 164, 16, 0.00%, 0, 0, 4, 122.56, 605052, 350
2902, 0, 404, 410, 164, 16, 0.00%, 0, 0, 4, 119.57, 605672, 350
2907, 0, 404, 410, 164, 16, 0.00%, 0, 0, 4, 121.79, 606286, 350
2912, 0, 404, 410, 164, 16, 0.00%, 0, 0, 4, 116.84, 606860, 350
2917, 0, 404, 410, 164, 16, 0.00%, 0, 0, 4, 110.21, 607432, 350
2922, 0, 404, 410, 164, 16, 0.00%, 0, 0, 4, 51.77, 607873, 350
2927, 0, 404, 411, 165, 16, 0.00%, 0, 0, 4, 115.28, 608283, 350
2933, 0, 404, 411, 165, 16, 0.00%, 0, 0, 4, 109.83, 608857, 350
2938, 0, 404, 411, 165, 16, 0.00%, 0, 0, 4, 109.66, 609415, 350
2943, 0, 404, 411, 165, 16, 0.00%, 0, 0, 4, 110.86, 609973, 350
2948, 0, 404, 411, 165, 16, 0.00%, 0, 0, 4, 115.95, 610559, 350
2953, 0, 404, 411, 165, 16, 0.00%, 0, 0, 4, 115.61, 611159, 350
2958, 0, 404, 411, 165, 16, 0.00%, 0, 0, 4, 109.99, 611691, 350
2963, 0, 404, 411, 165, 16, 0.00%, 0, 0, 4, 105.43, 612223, 350
2968, 0, 404, 411, 165, 16, 0.00%, 0, 0, 4, 109.74, 612783, 350
2973, 0, 404, 411, 165, 16, 0.00%, 0, 0, 4, 112.31, 613359, 350
2978, 0, 404, 411, 165, 16, 0.00%, 0, 0, 4, 118.64, 613965, 350
2983, 0, 404, 411, 165, 16, 0.00%, 0, 0, 4, 118.27, 614561, 350
2988, 0, 404, 411, 165, 16, 0.00%, 0, 0, 4, 115.49, 615139, 350
2993, 0, 404, 411, 165, 16, 0.00%, 0, 0, 4, 95.86, 615644, 350
2998, 0, 404, 411, 165, 16, 0.00%, 0, 0, 4, 108.77, 616189, 350
3003, 0, 404, 411, 165, 16, 0.00%, 0, 0, 4, 107.49, 616735, 350
3009, 0, 404, 411, 165, 16, 0.00%, 0, 0, 4, 112.32, 617287, 350
3014, 0, 404, 411, 165, 16, 0.00%, 0, 0, 4, 116.76, 617887, 350
3019, 0, 404, 411, 165, 16, 0.00%, 0, 0, 4, 108.13, 618415, 350
3024, 0, 404, 411, 165, 16, 0.00%, 0, 0, 4, 104.24, 618949, 350
3029, 0, 404, 411, 165, 16, 0.00%, 0, 0, 4, 112.48, 619505, 350
3034, 0, 404, 411, 165, 16, 0.00%, 0, 0, 4, 112.50, 620073, 350
3039, 0, 404, 411, 165, 16, 0.00%, 0, 0, 4, 115.29, 620667, 350
3045, 0, 404, 411, 165, 16, 0.00%, 0, 0, 4, 101.02, 621113, 350
3050, 0, 404, 411, 165, 16, 0.00%, 0, 0, 4, 117.33, 621633, 350
3055, 0, 404, 411, 165, 16, 0.00%, 0, 0, 4, 105.45, 622149, 350
3060, 0, 404, 411, 165, 16, 0.00%, 0, 0, 4, 114.31, 622717, 350
3065, 0, 404, 411, 165, 16, 0.00%, 0, 0, 4, 109.75, 623273, 350
3070, 0, 404, 411, 165, 16, 0.00%, 0, 0, 4, 114.38, 623843, 350
3075, 0, 404, 411, 165, 16, 0.00%, 0, 0, 4, 117.42, 624455, 350
3080, 0, 404, 411, 165, 16, 0.00%, 0, 0, 4, 112.03, 625003, 350
3085, 0, 404, 411, 165, 16, 0.00%, 0, 0, 4, 117.35, 625597, 350
3090, 0, 404, 411, 165, 16, 0.00%, 0, 0, 4, 119.85, 626219, 350
3096, 0, 404, 411, 165, 16, 0.00%, 0, 0, 4, 112.05, 626801, 350
3101, 0, 404, 411, 165, 16, 0.00%, 0, 0, 4, 116.15, 627401, 350
3106, 0, 404, 411, 165, 16, 0.00%, 0, 0, 4, 119.44, 627999, 350
3111, 0, 404, 411, 165, 16, 0.00%, 0, 0, 4, 122.61, 628593, 350
3116, 0, 404, 411, 165, 16, 0.00%, 0, 0, 4, 120.84, 629219, 350
3121, 0, 404, 411, 165, 16, 0.00%, 0, 0, 4, 122.23, 629861, 350
3127, 0, 404, 411, 165, 16, 0.00%, 0, 0, 4, 120.45, 630487, 350
3132, 0, 404, 411, 165, 16, 0.00%, 0, 0, 4, 111.81, 631033, 350
3137, 0, 404, 411, 165, 16, 0.00%, 0, 0, 4, 105.07, 631575, 350
3142, 0, 404, 411, 165, 16, 0.00%, 0, 0, 4, 107.90, 632137, 350
3147, 0, 404, 411, 165, 16, 0.00%, 0, 0, 4, 110.52, 632699, 350
3152, 0, 404, 411, 165, 16, 0.00%, 0, 0, 4, 107.22, 633237, 350
3157, 0, 404, 411, 165, 16, 0.00%, 0, 0, 4, 113.65, 633815, 350
3162, 0, 404, 411, 165, 16, 0.00%, 0, 0, 4, 117.81, 634405, 350
3167, 0, 404, 411, 165, 16, 0.00%, 0, 0, 4, 120.59, 635035, 350
3173, 0, 16, 412, 165, 15, 0.00%, 0, 0, 4, 170.42, 635865, 367
3178, 0, 16, 412, 165, 15, 0.00%, 0, 0, 4, 231.10, 637083, 367
3183, 0, 16, 412, 165, 15, 0.00%, 0, 0, 4, 267.44, 638366, 367
3188, 0, 16, 412, 165, 15, 0.00%, 0, 0, 4, 258.56, 639561, 367
3193, 0, 16, 412, 165, 15, 0.00%, 0, 0, 4, 236.48, 640639, 367
3198, 0, 16, 412, 165, 15, 0.00%, 0, 0, 4, 26.63, 641169, 367
3203, 0, 16, 412, 165, 15, 0.00%, 0, 0, 4, 124.79, 641697, 367
3208, 0, 16, 412, 165, 15, 0.00%, 0, 0, 4, 228.41, 642539, 367
3213, 0, 16, 412, 165, 15, 0.00%, 0, 0, 4, 240.30, 643147, 367
3219, 0, 16, 412, 165, 15, 0.00%, 0, 0, 4, 241.00, 644231, 367
3224, 0, 16, 412, 165, 15, 0.00%, 0, 0, 4, 246.63, 645459, 367
3229, 0, 16, 412, 165, 15, 0.00%, 0, 0, 4, 254.89, 646751, 367
3234, 0, 16, 412, 165, 15, 0.00%, 0, 0, 4, 260.26, 648076, 367
3239, 0, 16, 412, 165, 15, 0.00%, 0, 0, 4, 267.49, 649431, 367
3244, 0, 16, 412, 165, 15, 0.00%, 0, 0, 4, 247.88, 650703, 367
3249, 0, 16, 412, 165, 15, 0.00%, 0, 0, 4, 225.38, 651779, 367
3254, 0, 16, 412, 165, 15, 0.00%, 0, 0, 4, 198.30, 652723, 367
3260, 0, 16, 412, 165, 15, 0.00%, 0, 0, 4, 253.54, 653886, 367
3265, 0, 16, 412, 165, 15, 0.00%, 0, 0, 4, 260.12, 655201, 367
3270, 0, 16, 412, 165, 15, 0.00%, 0, 0, 4, 238.91, 656423, 367
3275, 0, 16, 412, 165, 15, 0.00%, 0, 0, 4, 253.83, 657701, 367
3280, 0, 16, 412, 165, 15, 0.00%, 0, 0, 4, 253.29, 658976, 367
3285, 0, 16, 412, 165, 15, 0.00%, 0, 0, 4, 250.95, 660222, 367
3290, 0, 16, 412, 165, 15, 0.00%, 0, 0, 4, 262.44, 661542, 367
3295, 0, 16, 412, 165, 15, 0.00%, 0, 0, 4, 272.92, 662917, 367
3300, 0, 16, 412, 165, 15, 0.00%, 0, 0, 4, 266.98, 664237, 367
3305, 0, 16, 412, 165, 15, 0.00%, 0, 0, 4, 264.34, 665557, 367
3310, 0, 16, 412, 165, 15, 0.00%, 0, 0, 4, 251.38, 666722, 367
3315, 0, 16, 412, 165, 15, 0.00%, 0, 0, 4, 260.86, 668022, 367
3320, 0, 366, 419, 171, 15, 0.00%, 0, 0, 4, 320.74, 669652, 368
3325, 0, 366, 419, 171, 15, 0.00%, 0, 0, 4, 358.81, 671509, 368
3330, 0, 366, 419, 171, 15, 0.00%, 0, 0, 4, 365.23, 673357, 368
3335, 0, 366, 419, 171, 15, 0.00%, 0, 0, 4, 367.87, 675226, 368
3341, 0, 413, 419, 171, 15, 0.00%, 0, 0, 4, 301.01, 676822, 368
3346, 0, 413, 419, 171, 15, 0.00%, 0, 0, 4, 206.38, 677738, 368
3351, 0, 413, 419, 171, 15, 0.00%, 0, 0, 4, 197.00, 678709, 368
3356, 0, 413, 419, 171, 15, 0.00%, 0, 0, 4, 198.35, 679711, 368
3361, 0, 413, 419, 171, 15, 0.00%, 0, 0, 4, 180.33, 680632, 368
3366, 0, 413, 419, 171, 15, 0.00%, 0, 0, 4, 175.12, 681496, 368
3371, 0, 413, 419, 171, 15, 0.00%, 0, 0, 4, 167.19, 682510, 368
3376, 0, 413, 419, 171, 15, 0.00%, 0, 0, 4, 203.66, 683610, 368
3381, 0, 413, 419, 171, 15, 0.00%, 0, 0, 4, 211.76, 684730, 368
3386, 0, 413, 419, 171, 15, 0.00%, 0, 0, 4, 211.29, 685786, 368
3392, 0, 413, 419, 171, 15, 0.00%, 0, 0, 4, 208.84, 686850, 368
3397, 0, 413, 419, 171, 15, 0.00%, 0, 0, 4, 202.76, 687866, 368
3402, 0, 413, 419, 171, 15, 0.00%, 0, 0, 4, 204.03, 688910, 368
3407, 0, 413, 419, 171, 15, 0.00%, 0, 0, 4, 211.96, 689986, 368
3412, 0, 413, 419, 171, 15, 0.00%, 0, 0, 4, 210.23, 691078, 368
3417, 0, 413, 419, 171, 15, 0.00%, 0, 0, 4, 209.80, 692142, 368
3422, 0, 413, 419, 171, 15, 0.00%, 0, 0, 4, 192.16, 693118, 368
3427, 0, 413, 419, 171, 15, 0.00%, 0, 0, 4, 206.12, 694166, 368
3432, 0, 413, 419, 171, 15, 0.00%, 0, 0, 4, 203.59, 695194, 368
3437, 0, 413, 419, 171, 15, 0.00%, 0, 0, 4, 202.88, 696234, 368
3442, 0, 413, 419, 171, 15, 0.00%, 0, 0, 4, 211.06, 697294, 368
3447, 0, 413, 419, 171, 15, 0.00%, 0, 0, 4, 215.99, 698378, 368
3452, 0, 413, 419, 171, 15, 0.00%, 0, 0, 4, 212.95, 699450, 368
3457, 0, 413, 419, 171, 15, 0.00%, 0, 0, 4, 216.84, 700546, 368
3462, 0, 413, 419, 171, 15, 0.00%, 0, 0, 4, 214.06, 701618, 368
3467, 0, 413, 419, 171, 15, 0.00%, 0, 0, 4, 208.77, 702698, 368
3472, 0, 413, 419, 171, 15, 0.00%, 0, 0, 4, 210.16, 703758, 368
3478, 0, 413, 419, 171, 15, 0.00%, 0, 0, 4, 215.60, 704882, 368
3483, 0, 413, 419, 171, 15, 0.00%, 0, 0, 4, 212.18, 705946, 368
3488, 0, 413, 419, 171, 15, 0.00%, 0, 0, 4, 211.05, 707038, 368
3493, 0, 413, 419, 171, 15, 0.00%, 0, 0, 4, 194.70, 708055, 368
3498, 0, 413, 419, 171, 15, 0.00%, 0, 0, 4, 197.89, 709024, 368
3503, 0, 411, 419, 170, 14, 0.00%, 0, 0, 4, 251.39, 710356, 368
3508, 0, 411, 419, 170, 14, 0.00%, 0, 0, 4, 250.66, 711667, 368
3513, 0, 411, 419, 170, 14, 0.00%, 0, 0, 4, 271.08, 713067, 368
3519, 0, 411, 419, 170, 14, 0.00%, 0, 0, 4, 260.20, 714377, 368
3524, 0, 411, 419, 170, 14, 0.00%, 0, 0, 4, 251.88, 715632, 368
3529, 0, 411, 419, 170, 14, 0.00%, 0, 0, 4, 231.75, 716796, 368
3534, 0, 411, 419, 170, 14, 0.00%, 0, 0, 4, 245.66, 718056, 368
3539, 0, 411, 419, 170, 14, 0.00%, 0, 0, 4, 263.28, 719447, 368
3544, 0, 411, 419, 170, 14, 0.00%, 0, 0, 4, 252.21, 720732, 368
3549, 0, 411, 419, 170, 14, 0.00%, 0, 0, 4, 248.64, 722008, 368
3554, 0, 411, 419, 170, 14, 0.00%, 0, 0, 4, 249.80, 723260, 368
3559, 0, 411, 419, 170, 14, 0.00%, 0, 0, 4, 257.82, 724567, 368
3564, 0, 411, 419, 170, 14, 0.00%, 0, 0, 4, 239.17, 725764, 368
3569, 0, 411, 419, 170, 14, 0.00%, 0, 0, 4, 254.55, 727027, 368
3574, 0, 411, 419, 170, 14, 0.00%, 0, 0, 4, 265.04, 728377, 368
3580, 0, 411, 419, 170, 14, 0.00%, 0, 0, 4, 273.27, 729802, 368
3585, 0, 411, 419, 170, 14, 0.00%, 0, 0, 4, 275.25, 731227, 368
3590, 0, 411, 419, 170, 14, 0.00%, 0, 0, 4, 255.98, 732572, 368
3595, 0, 411, 419, 170, 14, 0.00%, 0, 0, 4, 237.81, 733692, 368
3600, 0, 411, 419, 170, 14, 0.00%, 0, 0, 4, 238.98, 734880, 368
3603, 0, 411, 419, 170, 14, 0.00%, 0, 0, 4, 239.51, 735595, 368
