# relative_time, cycles_done, cur_path, paths_total, pending_total, pending_favs, map_size, unique_crashes, unique_hangs, max_depth, execs_per_sec, total_execs, edges_found
63, 0, 299, 390, 166, 20, 0.00%, 0, 0, 2, 175.27, 18313, 304
68, 0, 299, 390, 166, 20, 0.00%, 0, 0, 2, 168.55, 19147, 304
74, 0, 299, 390, 166, 20, 0.00%, 0, 0, 2, 165.63, 19981, 304
79, 0, 299, 390, 166, 20, 0.00%, 0, 0, 2, 168.74, 20830, 304
84, 0, 299, 390, 166, 20, 0.00%, 0, 0, 2, 169.23, 21715, 304
89, 0, 299, 390, 166, 20, 0.00%, 0, 0, 2, 167.67, 22543, 304
94, 0, 299, 390, 166, 20, 0.00%, 0, 0, 2, 167.67, 23383, 304
99, 0, 299, 390, 166, 20, 0.00%, 0, 0, 2, 171.42, 24262, 304
104, 0, 299, 390, 166, 20, 0.00%, 0, 0, 2, 162.53, 25102, 304
109, 0, 299, 390, 166, 20, 0.00%, 0, 0, 2, 164.74, 25913, 304
114, 0, 299, 390, 166, 20, 0.00%, 0, 0, 2, 168.37, 26762, 304
119, 0, 299, 390, 166, 20, 0.00%, 0, 0, 2, 169.48, 27614, 304
125, 0, 299, 390, 166, 20, 0.00%, 0, 0, 2, 174.12, 28490, 304
130, 0, 299, 390, 166, 20, 0.00%, 0, 0, 2, 172.56, 29369, 304
135, 0, 299, 390, 166, 20, 0.00%, 0, 0, 2, 169.89, 30239, 304
140, 0, 299, 391, 167, 20, 0.00%, 0, 0, 2, 166.54, 31084, 305
145, 0, 299, 391, 167, 20, 0.00%, 0, 0, 2, 163.96, 31939, 305
150, 0, 299, 391, 167, 20, 0.00%, 0, 0, 2, 152.10, 32746, 305
155, 0, 299, 392, 168, 20, 0.00%, 0, 0, 2, 159.51, 33552, 307
160, 0, 299, 392, 168, 20, 0.00%, 0, 0, 2, 172.72, 34431, 307
165, 0, 299, 392, 168, 20, 0.00%, 0, 0, 2, 165.26, 35289, 307
171, 0, 299, 392, 168, 20, 0.00%, 0, 0, 2, 164.17, 36123, 307
176, 0, 299, 392, 168, 20, 0.00%, 0, 0, 2, 168.16, 36987, 307
181, 0, 299, 392, 168, 20, 0.00%, 0, 0, 2, 171.36, 37851, 307
186, 0, 299, 392, 168, 20, 0.00%, 0, 0, 2, 169.62, 38718, 307
191, 0, 299, 392, 168, 20, 0.00%, 0, 0, 2, 165.88, 39561, 307
196, 0, 299, 392, 168, 20, 0.00%, 0, 0, 2, 170.43, 40419, 307
201, 0, 299, 392, 168, 20, 0.00%, 0, 0, 2, 164.23, 41256, 307
206, 0, 299, 392, 168, 20, 0.00%, 0, 0, 2, 173.25, 42147, 307
211, 0, 299, 392, 168, 20, 0.00%, 0, 0, 2, 173.13, 43017, 307
216, 0, 299, 392, 168, 20, 0.00%, 0, 0, 2, 180.28, 43932, 307
221, 0, 299, 392, 168, 20, 0.00%, 0, 0, 2, 166.84, 44766, 307
226, 0, 299, 392, 168, 20, 0.00%, 0, 0, 2, 175.75, 45693, 307
231, 0, 299, 392, 168, 20, 0.00%, 0, 0, 2, 168.46, 46545, 307
237, 0, 299, 392, 168, 20, 0.00%, 0, 0, 2, 171.74, 47433, 307
242, 0, 299, 392, 168, 20, 0.00%, 0, 0, 2, 173.69, 48306, 307
247, 0, 299, 392, 168, 20, 0.00%, 0, 0, 2, 175.28, 49212, 307
252, 0, 322, 392, 167, 24, 0.00%, 0, 0, 2, 173.45, 50111, 307
257, 0, 322, 392, 167, 24, 0.00%, 0, 0, 2, 183.89, 51050, 307
262, 0, 322, 392, 167, 24, 0.00%, 0, 0, 2, 184.21, 52001, 307
267, 0, 322, 393, 168, 24, 0.00%, 0, 0, 2, 182.80, 52928, 307
272, 0, 322, 393, 168, 24, 0.00%, 0, 0, 2, 191.11, 53911, 307
277, 0, 322, 393, 168, 24, 0.00%, 0, 0, 2, 187.89, 54862, 307
283, 0, 322, 393, 168, 24, 0.00%, 0, 0, 2, 188.92, 55822, 307
288, 0, 322, 393, 168, 24, 0.00%, 0, 0, 2, 183.45, 56722, 307
293, 0, 322, 393, 168, 24, 0.00%, 0, 0, 2, 177.79, 57613, 307
298, 0, 322, 393, 168, 24, 0.00%, 0, 0, 2, 182.90, 58561, 307
303, 0, 322, 393, 168, 24, 0.00%, 0, 0, 2, 186.65, 59536, 307
308, 0, 322, 393, 168, 24, 0.00%, 0, 0, 2, 187.85, 60493, 307
313, 0, 322, 393, 168, 24, 0.00%, 0, 0, 2, 179.37, 61390, 307
318, 0, 322, 393, 168, 24, 0.00%, 0, 0, 2, 180.78, 62302, 307
323, 0, 322, 393, 168, 24, 0.00%, 0, 0, 2, 179.06, 63220, 307
328, 0, 322, 393, 168, 24, 0.00%, 0, 0, 2, 175.44, 64123, 307
334, 0, 322, 393, 168, 24, 0.00%, 0, 0, 2, 177.42, 65026, 307
339, 0, 322, 393, 168, 24, 0.00%, 0, 0, 2, 182.07, 65950, 307
344, 0, 322, 393, 168, 24, 0.00%, 0, 0, 2, 185.54, 66901, 307
349, 0, 322, 393, 168, 24, 0.00%, 0, 0, 2, 181.33, 67813, 307
354, 0, 322, 393, 168, 24, 0.00%, 0, 0, 2, 179.99, 68755, 307
359, 0, 322, 393, 168, 24, 0.00%, 0, 0, 2, 180.24, 69646, 307
364, 0, 322, 393, 168, 24, 0.00%, 0, 0, 2, 184.58, 70573, 307
369, 0, 322, 393, 168, 24, 0.00%, 0, 0, 2, 187.16, 71515, 307
374, 0, 322, 393, 168, 24, 0.00%, 0, 0, 2, 187.38, 72499, 307
379, 0, 322, 393, 168, 24, 0.00%, 0, 0, 2, 187.30, 73456, 307
385, 0, 322, 393, 168, 24, 0.00%, 0, 0, 2, 189.09, 74401, 307
390, 0, 322, 393, 168, 24, 0.00%, 0, 0, 2, 180.39, 75292, 307
395, 0, 322, 393, 168, 24, 0.00%, 0, 0, 2, 183.77, 76243, 307
400, 0, 322, 393, 168, 24, 0.00%, 0, 0, 2, 180.35, 77161, 307
405, 0, 322, 393, 168, 24, 0.00%, 0, 0, 2, 167.12, 77959, 307
410, 0, 322, 393, 168, 24, 0.00%, 0, 0, 2, 181.44, 78778, 307
415, 0, 322, 393, 168, 24, 0.00%, 0, 0, 2, 188.82, 79777, 307
420, 0, 322, 393, 168, 24, 0.00%, 0, 0, 2, 190.81, 80770, 307
425, 0, 322, 393, 168, 24, 0.00%, 0, 0, 2, 188.22, 81751, 307
430, 0, 329, 393, 167, 23, 0.00%, 0, 0, 2, 187.48, 82704, 307
436, 0, 329, 393, 167, 23, 0.00%, 0, 0, 2, 165.44, 83502, 307
441, 0, 329, 394, 168, 23, 0.00%, 0, 0, 2, 159.11, 84305, 311
446, 0, 329, 394, 168, 23, 0.00%, 0, 0, 2, 155.38, 85082, 311
451, 0, 329, 394, 168, 23, 0.00%, 0, 0, 2, 142.83, 85796, 311
456, 0, 329, 394, 168, 23, 0.00%, 0, 0, 2, 154.53, 86615, 311
461, 0, 329, 394, 168, 23, 0.00%, 0, 0, 2, 154.90, 87419, 311
466, 0, 329, 394, 168, 23, 0.00%, 0, 0, 2, 157.86, 88220, 311
471, 0, 329, 394, 168, 23, 0.00%, 0, 0, 2, 158.69, 89018, 311
476, 0, 329, 394, 168, 23, 0.00%, 0, 0, 2, 150.51, 89772, 311
481, 0, 329, 394, 168, 23, 0.00%, 0, 0, 2, 143.56, 90496, 311
486, 0, 329, 394, 168, 23, 0.00%, 0, 0, 2, 146.68, 91250, 311
492, 0, 329, 394, 168, 23, 0.00%, 0, 0, 2, 155.99, 92063, 311
497, 0, 329, 394, 168, 23, 0.00%, 0, 0, 2, 144.48, 92738, 311
502, 0, 329, 394, 168, 23, 0.00%, 0, 0, 2, 146.81, 93482, 311
507, 0, 329, 394, 168, 23, 0.00%, 0, 0, 2, 150.01, 94208, 311
512, 0, 329, 394, 168, 23, 0.00%, 0, 0, 2, 153.64, 94922, 311
517, 0, 329, 394, 168, 23, 0.00%, 0, 0, 2, 136.87, 95242, 311
523, 0, 329, 394, 168, 23, 0.00%, 0, 0, 2, 133.95, 95756, 311
528, 0, 329, 394, 168, 23, 0.00%, 0, 0, 2, 68.71, 96152, 311
533, 0, 329, 394, 168, 23, 0.00%, 0, 0, 2, 169.08, 96529, 311
538, 0, 329, 394, 168, 23, 0.00%, 0, 0, 2, 158.62, 97340, 311
543, 0, 329, 395, 169, 23, 0.00%, 0, 0, 2, 158.39, 98140, 313
548, 0, 329, 395, 169, 23, 0.00%, 0, 0, 2, 157.06, 98932, 313
553, 0, 329, 395, 169, 23, 0.00%, 0, 0, 2, 164.39, 99754, 313
559, 0, 329, 395, 169, 23, 0.00%, 0, 0, 2, 165.43, 100612, 313
564, 0, 329, 395, 169, 23, 0.00%, 0, 0, 2, 168.33, 101485, 313
569, 0, 329, 395, 169, 23, 0.00%, 0, 0, 2, 153.34, 102226, 313
574, 0, 329, 395, 169, 23, 0.00%, 0, 0, 2, 155.69, 103009, 313
579, 0, 329, 395, 169, 23, 0.00%, 0, 0, 2, 159.79, 103816, 313
584, 0, 329, 395, 169, 23, 0.00%, 0, 0, 2, 166.03, 104653, 313
589, 0, 329, 395, 169, 23, 0.00%, 0, 0, 2, 163.37, 105478, 313
594, 0, 329, 395, 169, 23, 0.00%, 0, 0, 2, 160.02, 106267, 313
599, 0, 329, 395, 169, 23, 0.00%, 0, 0, 2, 157.70, 107056, 313
604, 0, 329, 395, 169, 23, 0.00%, 0, 0, 2, 154.86, 107872, 313
609, 0, 329, 396, 170, 23, 0.00%, 0, 0, 2, 157.86, 108684, 315
615, 0, 329, 396, 170, 23, 0.00%, 0, 0, 2, 159.28, 109509, 315
620, 0, 329, 396, 170, 23, 0.00%, 0, 0, 2, 163.93, 110343, 315
625, 0, 329, 397, 171, 23, 0.00%, 0, 0, 2, 165.22, 111161, 317
630, 0, 329, 397, 171, 23, 0.00%, 0, 0, 2, 152.00, 111923, 317
635, 0, 329, 397, 171, 23, 0.00%, 0, 0, 2, 157.54, 112736, 317
640, 0, 329, 397, 171, 23, 0.00%, 0, 0, 2, 158.88, 113546, 317
645, 0, 329, 397, 171, 23, 0.00%, 0, 0, 2, 162.87, 114374, 317
650, 0, 329, 397, 171, 23, 0.00%, 0, 0, 2, 162.76, 115220, 317
655, 0, 335, 398, 171, 23, 0.00%, 0, 0, 2, 174.37, 116145, 317
661, 0, 335, 398, 171, 23, 0.00%, 0, 0, 2, 173.65, 116985, 317
666, 0, 335, 398, 171, 23, 0.00%, 0, 0, 2, 197.54, 118014, 317
671, 0, 335, 398, 171, 23, 0.00%, 0, 0, 2, 193.98, 118971, 317
676, 0, 335, 398, 171, 23, 0.00%, 0, 0, 2, 180.99, 119853, 317
681, 0, 335, 398, 171, 23, 0.00%, 0, 0, 2, 190.37, 120861, 317
686, 0, 335, 398, 171, 23, 0.00%, 0, 0, 2, 195.28, 121869, 317
691, 0, 335, 398, 171, 23, 0.00%, 0, 0, 2, 198.13, 122889, 317
696, 0, 335, 398, 171, 23, 0.00%, 0, 0, 2, 202.67, 123932, 317
701, 0, 335, 398, 171, 23, 0.00%, 0, 0, 2, 207.68, 124992, 317
706, 0, 335, 399, 172, 23, 0.00%, 0, 0, 2, 199.31, 125990, 318
711, 0, 335, 399, 172, 23, 0.00%, 0, 0, 2, 197.90, 127001, 318
716, 0, 335, 399, 172, 23, 0.00%, 0, 0, 2, 205.27, 128028, 318
721, 0, 335, 399, 172, 23, 0.00%, 0, 0, 2, 205.11, 129052, 318
727, 0, 335, 399, 172, 23, 0.00%, 0, 0, 2, 206.45, 130084, 318
732, 0, 335, 399, 172, 23, 0.00%, 0, 0, 2, 207.45, 131168, 318
737, 0, 335, 399, 172, 23, 0.00%, 0, 0, 2, 204.25, 132200, 318
742, 0, 335, 399, 172, 23, 0.00%, 0, 0, 2, 201.12, 133212, 318
747, 0, 335, 399, 172, 23, 0.00%, 0, 0, 2, 203.25, 134244, 318
752, 0, 335, 399, 172, 23, 0.00%, 0, 0, 2, 221.51, 135344, 318
757, 0, 335, 399, 172, 23, 0.00%, 0, 0, 2, 239.05, 136564, 318
762, 0, 335, 399, 172, 23, 0.00%, 0, 0, 2, 237.20, 137748, 318
767, 0, 335, 399, 172, 23, 0.00%, 0, 0, 2, 229.30, 138884, 318
772, 0, 335, 399, 172, 23, 0.00%, 0, 0, 2, 230.69, 139964, 318
777, 0, 335, 399, 172, 23, 0.00%, 0, 0, 2, 242.76, 141200, 318
782, 0, 335, 399, 172, 23, 0.00%, 0, 0, 2, 231.10, 142304, 318
787, 0, 335, 399, 172, 23, 0.00%, 0, 0, 2, 241.66, 143540, 318
792, 0, 335, 399, 172, 23, 0.00%, 0, 0, 2, 239.38, 144752, 318
797, 0, 335, 399, 172, 23, 0.00%, 0, 0, 2, 230.96, 145912, 318
803, 0, 335, 399, 172, 23, 0.00%, 0, 0, 2, 176.37, 146741, 318
808, 0, 335, 399, 172, 23, 0.00%, 0, 0, 2, 153.47, 147494, 318
813, 0, 335, 399, 172, 23, 0.00%, 0, 0, 2, 146.57, 148252, 318
818, 0, 336, 399, 171, 23, 0.00%, 0, 0, 2, 144.04, 148980, 318
823, 0, 336, 399, 171, 23, 0.00%, 0, 0, 2, 143.99, 149691, 318
828, 0, 336, 399, 171, 23, 0.00%, 0, 0, 2, 185.70, 150611, 318
833, 0, 336, 399, 171, 23, 0.00%, 0, 0, 2, 232.60, 151865, 318
838, 0, 336, 399, 171, 23, 0.00%, 0, 0, 2, 249.73, 153161, 318
844, 0, 336, 399, 171, 23, 0.00%, 0, 0, 2, 258.87, 154494, 318
849, 0, 336, 399, 171, 23, 0.00%, 0, 0, 2, 255.77, 155769, 318
854, 0, 336, 399, 171, 23, 0.00%, 0, 0, 2, 243.45, 156941, 318
859, 0, 336, 399, 171, 23, 0.00%, 0, 0, 2, 230.07, 158149, 318
864, 0, 336, 399, 171, 23, 0.00%, 0, 0, 2, 208.47, 159165, 318
869, 0, 336, 399, 171, 23, 0.00%, 0, 0, 2, 202.51, 160185, 318
874, 0, 336, 399, 171, 23, 0.00%, 0, 0, 2, 211.73, 161233, 318
879, 0, 336, 399, 171, 23, 0.00%, 0, 0, 2, 206.23, 162257, 318
884, 0, 336, 399, 171, 23, 0.00%, 0, 0, 2, 201.92, 163277, 318
889, 0, 336, 399, 171, 23, 0.00%, 0, 0, 2, 203.69, 164257, 318
894, 0, 336, 399, 171, 23, 0.00%, 0, 0, 2, 194.84, 165218, 318
900, 0, 336, 399, 171, 23, 0.00%, 0, 0, 2, 189.71, 166229, 318
905, 0, 336, 399, 171, 23, 0.00%, 0, 0, 2, 28.30, 167183, 318
910, 0, 336, 399, 171, 23, 0.00%, 0, 0, 2, 181.68, 168086, 318
915, 0, 336, 399, 171, 23, 0.00%, 0, 0, 2, 194.87, 169106, 318
920, 0, 336, 399, 171, 23, 0.00%, 0, 0, 2, 199.17, 170153, 318
925, 0, 336, 399, 171, 23, 0.00%, 0, 0, 2, 195.20, 171128, 318
930, 0, 336, 399, 171, 23, 0.00%, 0, 0, 2, 200.46, 172163, 318
935, 0, 336, 399, 171, 23, 0.00%, 0, 0, 2, 200.18, 173165, 318
940, 0, 336, 399, 171, 23, 0.00%, 0, 0, 2, 198.53, 174155, 318
945, 0, 336, 399, 171, 23, 0.00%, 0, 0, 2, 204.69, 175201, 318
950, 0, 336, 399, 171, 23, 0.00%, 0, 0, 2, 204.04, 176221, 318
956, 0, 336, 399, 171, 23, 0.00%, 0, 0, 2, 163.37, 177128, 318
961, 0, 336, 399, 171, 23, 0.00%, 0, 0, 2, 196.93, 178184, 318
966, 0, 336, 399, 171, 23, 0.00%, 0, 0, 2, 206.90, 179257, 318
971, 0, 336, 399, 171, 23, 0.00%, 0, 0, 2, 198.53, 180200, 318
976, 0, 348, 399, 170, 23, 0.00%, 0, 0, 2, 207.53, 181249, 318
981, 0, 348, 399, 170, 23, 0.00%, 0, 0, 2, 220.27, 182381, 318
986, 0, 348, 399, 170, 23, 0.00%, 0, 0, 2, 219.23, 183525, 318
992, 0, 348, 399, 170, 23, 0.00%, 0, 0, 2, 214.24, 184633, 318
997, 0, 348, 399, 170, 23, 0.00%, 0, 0, 2, 214.74, 185729, 318
1002, 0, 348, 400, 171, 23, 0.00%, 0, 0, 2, 211.89, 186817, 318
1007, 0, 348, 400, 171, 23, 0.00%, 0, 0, 2, 201.92, 187813, 318
1012, 0, 348, 401, 172, 23, 0.00%, 0, 0, 2, 208.73, 188881, 318
1017, 0, 348, 401, 172, 23, 0.00%, 0, 0, 2, 222.98, 190025, 318
1022, 0, 348, 401, 172, 23, 0.00%, 0, 0, 2, 218.27, 191129, 318
1027, 0, 348, 401, 172, 23, 0.00%, 0, 0, 2, 227.04, 192317, 318
1032, 0, 348, 401, 172, 23, 0.00%, 0, 0, 2, 225.70, 193445, 318
1037, 0, 348, 401, 172, 23, 0.00%, 0, 0, 2, 223.93, 194561, 318
1042, 0, 348, 401, 172, 23, 0.00%, 0, 0, 2, 218.05, 195657, 318
1047, 0, 348, 401, 172, 23, 0.00%, 0, 0, 2, 225.90, 196785, 318
1052, 0, 348, 401, 172, 23, 0.00%, 0, 0, 2, 228.42, 197937, 318
1057, 0, 348, 401, 172, 23, 0.00%, 0, 0, 2, 226.51, 199069, 318
1062, 0, 348, 401, 172, 23, 0.00%, 0, 0, 2, 227.08, 200201, 318
1067, 0, 348, 401, 172, 23, 0.00%, 0, 0, 2, 225.07, 201325, 318
1072, 0, 348, 401, 172, 23, 0.00%, 0, 0, 2, 224.70, 202449, 318
1077, 0, 348, 401, 172, 23, 0.00%, 0, 0, 2, 224.19, 203581, 318
1083, 0, 348, 401, 172, 23, 0.00%, 0, 0, 2, 222.50, 204729, 318
1088, 0, 348, 401, 172, 23, 0.00%, 0, 0, 2, 213.25, 205789, 318
1093, 0, 348, 401, 172, 23, 0.00%, 0, 0, 2, 221.32, 206945, 318
1098, 0, 348, 401, 172, 23, 0.00%, 0, 0, 2, 218.68, 208085, 318
1103, 0, 348, 401, 172, 23, 0.00%, 0, 0, 2, 220.80, 209189, 318
1108, 0, 348, 401, 172, 23, 0.00%, 0, 0, 2, 216.49, 210265, 318
1113, 0, 348, 401, 172, 23, 0.00%, 0, 0, 2, 215.70, 211393, 318
1118, 0, 348, 401, 172, 23, 0.00%, 0, 0, 2, 218.43, 212489, 318
1123, 0, 348, 401, 172, 23, 0.00%, 0, 0, 2, 218.00, 213585, 318
1128, 0, 361, 409, 179, 28, 0.00%, 0, 0, 2, 212.48, 214656, 329
1134, 0, 361, 409, 179, 28, 0.00%, 0, 0, 2, 211.74, 215720, 329
1139, 0, 361, 409, 179, 28, 0.00%, 0, 0, 2, 199.28, 216680, 329
1144, 0, 361, 409, 179, 28, 0.00%, 0, 0, 2, 208.34, 217740, 329
1149, 0, 361, 409, 179, 28, 0.00%, 0, 0, 2, 198.96, 218741, 329
1154, 0, 361, 409, 179, 28, 0.00%, 0, 0, 2, 193.43, 219716, 329
1159, 0, 361, 409, 179, 28, 0.00%, 0, 0, 2, 208.20, 220772, 329
1164, 0, 361, 409, 179, 28, 0.00%, 0, 0, 2, 218.54, 221884, 329
1169, 0, 361, 409, 179, 28, 0.00%, 0, 0, 2, 218.99, 223000, 329
1174, 0, 361, 410, 180, 28, 0.00%, 0, 0, 2, 216.91, 224080, 330
1179, 0, 361, 410, 180, 28, 0.00%, 0, 0, 2, 198.42, 225001, 330
1185, 0, 361, 410, 180, 28, 0.00%, 0, 0, 2, 216.91, 226124, 330
1190, 0, 361, 410, 180, 28, 0.00%, 0, 0, 2, 212.25, 227212, 330
1195, 0, 361, 410, 180, 28, 0.00%, 0, 0, 2, 219.85, 228320, 330
1200, 0, 361, 410, 180, 28, 0.00%, 0, 0, 2, 221.59, 229464, 330
1205, 0, 361, 410, 180, 28, 0.00%, 0, 0, 2, 221.65, 230572, 330
1210, 0, 361, 410, 180, 28, 0.00%, 0, 0, 2, 219.20, 231680, 330
1215, 0, 361, 410, 180, 28, 0.00%, 0, 0, 2, 215.47, 232784, 330
1220, 0, 361, 410, 180, 28, 0.00%, 0, 0, 2, 220.50, 233900, 330
1225, 0, 361, 410, 180, 28, 0.00%, 0, 0, 2, 223.90, 235060, 330
1230, 0, 361, 410, 180, 28, 0.00%, 0, 0, 2, 219.57, 236164, 330
1235, 0, 361, 410, 180, 28, 0.00%, 0, 0, 2, 18.78, 237236, 330
1241, 0, 361, 410, 180, 28, 0.00%, 0, 0, 2, 216.58, 238360, 330
1246, 0, 361, 410, 180, 28, 0.00%, 0, 0, 2, 219.19, 239460, 330
1251, 0, 361, 410, 180, 28, 0.00%, 0, 0, 2, 224.10, 240628, 330
1256, 0, 361, 410, 180, 28, 0.00%, 0, 0, 2, 223.36, 241756, 330
1261, 0, 361, 410, 180, 28, 0.00%, 0, 0, 2, 202.66, 242768, 330
1266, 0, 361, 410, 180, 28, 0.00%, 0, 0, 2, 215.39, 243896, 330
1271, 0, 361, 410, 180, 28, 0.00%, 0, 0, 2, 222.54, 245020, 330
1276, 0, 361, 410, 180, 28, 0.00%, 0, 0, 2, 217.02, 246100, 330
1281, 0, 366, 410, 179, 27, 0.00%, 0, 0, 2, 269.77, 247464, 330
1286, 0, 366, 410, 179, 27, 0.00%, 0, 0, 2, 306.82, 249108, 330
1292, 0, 366, 410, 179, 27, 0.00%, 0, 0, 2, 314.92, 250758, 330
1297, 0, 366, 410, 179, 27, 0.00%, 0, 0, 2, 317.62, 252348, 330
1302, 0, 366, 410, 179, 27, 0.00%, 0, 0, 2, 315.36, 253938, 330
1307, 0, 368, 410, 178, 26, 0.00%, 0, 0, 2, 279.12, 255381, 330
1312, 0, 368, 410, 178, 26, 0.00%, 0, 0, 2, 251.15, 256646, 330
1317, 0, 368, 410, 178, 26, 0.00%, 0, 0, 2, 245.39, 257868, 330
1322, 0, 368, 410, 178, 26, 0.00%, 0, 0, 2, 245.99, 259136, 330
1327, 0, 368, 410, 178, 26, 0.00%, 0, 0, 2, 248.47, 260432, 330
1332, 0, 368, 410, 178, 26, 0.00%, 0, 0, 2, 241.02, 261676, 330
1338, 0, 368, 410, 178, 26, 0.00%, 0, 0, 2, 245.31, 262936, 330
1343, 0, 369, 410, 177, 25, 0.00%, 0, 0, 2, 298.09, 264498, 330
1348, 0, 369, 410, 177, 25, 0.00%, 0, 0, 2, 311.41, 266080, 330
1353, 0, 369, 410, 177, 25, 0.00%, 0, 0, 2, 308.55, 267634, 330
1358, 0, 369, 410, 177, 25, 0.00%, 0, 0, 2, 310.31, 269248, 330
1363, 0, 369, 410, 177, 25, 0.00%, 0, 0, 2, 305.60, 270802, 330
1368, 0, 371, 410, 176, 24, 0.00%, 0, 0, 2, 295.12, 272300, 330
1373, 0, 371, 410, 176, 24, 0.00%, 0, 0, 2, 309.99, 273882, 330
1378, 0, 371, 410, 176, 24, 0.00%, 0, 0, 2, 313.71, 275466, 330
1383, 0, 371, 410, 176, 24, 0.00%, 0, 0, 2, 316.01, 277050, 330
1388, 0, 371, 410, 176, 24, 0.00%, 0, 0, 2, 316.31, 278634, 330
1393, 0, 373, 410, 175, 23, 0.00%, 0, 0, 2, 251.13, 279947, 330
1398, 0, 373, 410, 175, 23, 0.00%, 0, 0, 2, 200.55, 280900, 330
1403, 0, 373, 410, 175, 23, 0.00%, 0, 0, 2, 183.95, 281798, 330
1409, 0, 373, 410, 175, 23, 0.00%, 0, 0, 2, 178.24, 282719, 330
1414, 0, 373, 410, 175, 23, 0.00%, 0, 0, 2, 183.73, 283670, 330
1419, 0, 373, 411, 176, 23, 0.00%, 0, 0, 2, 181.60, 284611, 331
1424, 0, 373, 411, 176, 23, 0.00%, 0, 0, 2, 183.52, 285526, 331
1429, 0, 373, 411, 176, 23, 0.00%, 0, 0, 2, 177.48, 286441, 331
1434, 0, 373, 411, 176, 23, 0.00%, 0, 0, 2, 174.18, 287323, 331
1440, 0, 373, 411, 176, 23, 0.00%, 0, 0, 2, 182.76, 288271, 331
1445, 0, 373, 411, 176, 23, 0.00%, 0, 0, 2, 183.42, 289207, 331
1450, 0, 373, 411, 176, 23, 0.00%, 0, 0, 2, 178.49, 290140, 331
1455, 0, 373, 411, 176, 23, 0.00%, 0, 0, 2, 157.16, 290839, 331
1460, 0, 373, 411, 176, 23, 0.00%, 0, 0, 2, 165.04, 291685, 331
1465, 0, 373, 411, 176, 23, 0.00%, 0, 0, 2, 173.02, 292573, 331
1470, 0, 373, 411, 176, 23, 0.00%, 0, 0, 2, 166.99, 293413, 331
1475, 0, 373, 411, 176, 23, 0.00%, 0, 0, 2, 176.47, 294340, 331
1480, 0, 373, 411, 176, 23, 0.00%, 0, 0, 2, 22.43, 294957, 331
1486, 0, 373, 411, 176, 23, 0.00%, 0, 0, 2, 150.21, 295698, 331
1491, 0, 373, 411, 176, 23, 0.00%, 0, 0, 2, 169.72, 296605, 331
1496, 0, 373, 411, 176, 23, 0.00%, 0, 0, 2, 172.84, 297482, 331
1501, 0, 373, 411, 176, 23, 0.00%, 0, 0, 2, 187.91, 298316, 331
1506, 0, 373, 411, 176, 23, 0.00%, 0, 0, 2, 181.06, 299237, 331
1511, 0, 373, 411, 176, 23, 0.00%, 0, 0, 2, 171.52, 300092, 331
1516, 0, 373, 411, 176, 23, 0.00%, 0, 0, 2, 176.78, 301004, 331
1522, 0, 373, 411, 176, 23, 0.00%, 0, 0, 2, 179.43, 301901, 331
1527, 0, 373, 411, 176, 23, 0.00%, 0, 0, 2, 163.76, 302711, 331
1532, 0, 373, 411, 176, 23, 0.00%, 0, 0, 2, 172.01, 303491, 331
1537, 0, 373, 411, 176, 23, 0.00%, 0, 0, 2, 178.56, 304391, 331
1542, 0, 373, 411, 176, 23, 0.00%, 0, 0, 2, 182.24, 305351, 331
1547, 0, 373, 411, 176, 23, 0.00%, 0, 0, 2, 181.15, 306284, 331
1552, 0, 373, 411, 176, 23, 0.00%, 0, 0, 2, 180.37, 307217, 331
1557, 0, 373, 411, 176, 23, 0.00%, 0, 0, 2, 178.04, 308102, 331
1562, 0, 373, 411, 176, 23, 0.00%, 0, 0, 2, 180.09, 309005, 331
1567, 0, 373, 411, 176, 23, 0.00%, 0, 0, 2, 184.28, 309935, 331
1573, 0, 373, 411, 176, 23, 0.00%, 0, 0, 2, 181.38, 310874, 331
1578, 0, 373, 411, 176, 23, 0.00%, 0, 0, 2, 171.84, 311708, 331
1583, 0, 376, 411, 175, 23, 0.00%, 0, 0, 2, 176.31, 312622, 331
1588, 0, 376, 411, 175, 23, 0.00%, 0, 0, 2, 176.96, 313513, 331
1593, 0, 376, 411, 175, 23, 0.00%, 0, 0, 2, 179.43, 314416, 331
1598, 0, 376, 411, 175, 23, 0.00%, 0, 0, 2, 178.69, 315340, 331
1603, 0, 376, 411, 175, 23, 0.00%, 0, 0, 2, 178.10, 316228, 331
1608, 0, 376, 411, 175, 23, 0.00%, 0, 0, 2, 182.90, 317176, 331
1613, 0, 376, 411, 175, 23, 0.00%, 0, 0, 2, 180.15, 318109, 331
1618, 0, 376, 411, 175, 23, 0.00%, 0, 0, 2, 176.21, 319006, 331
1624, 0, 376, 411, 175, 23, 0.00%, 0, 0, 2, 177.53, 319930, 331
1629, 0, 376, 411, 175, 23, 0.00%, 0, 0, 2, 180.38, 320836, 331
1634, 0, 376, 411, 175, 23, 0.00%, 0, 0, 2, 182.46, 321790, 331
1639, 0, 376, 411, 175, 23, 0.00%, 0, 0, 2, 183.07, 322738, 331
1644, 0, 376, 411, 175, 23, 0.00%, 0, 0, 2, 183.46, 323689, 331
1649, 0, 376, 411, 175, 23, 0.00%, 0, 0, 2, 184.01, 324646, 331
1655, 0, 376, 411, 175, 23, 0.00%, 0, 0, 2, 180.95, 325573, 331
1660, 0, 376, 411, 175, 23, 0.00%, 0, 0, 2, 181.40, 326479, 331
1665, 0, 376, 411, 175, 23, 0.00%, 0, 0, 2, 181.69, 327433, 331
1670, 0, 376, 411, 175, 23, 0.00%, 0, 0, 2, 174.90, 328303, 331
1675, 0, 376, 411, 175, 23, 0.00%, 0, 0, 2, 176.48, 329197, 331
1680, 0, 376, 411, 175, 23, 0.00%, 0, 0, 2, 179.93, 330145, 331
1685, 0, 376, 411, 175, 23, 0.00%, 0, 0, 2, 178.20, 331042, 331
1690, 0, 376, 411, 175, 23, 0.00%, 0, 0, 2, 172.20, 331924, 331
1696, 0, 376, 411, 175, 23, 0.00%, 0, 0, 2, 183.74, 332896, 331
1701, 0, 376, 411, 175, 23, 0.00%, 0, 0, 2, 185.50, 333853, 331
1706, 0, 376, 411, 175, 23, 0.00%, 0, 0, 2, 181.75, 334792, 331
1711, 0, 376, 411, 175, 23, 0.00%, 0, 0, 2, 181.27, 335734, 331
1716, 0, 376, 411, 175, 23, 0.00%, 0, 0, 2, 181.64, 336670, 331
1721, 0, 376, 411, 175, 23, 0.00%, 0, 0, 2, 178.64, 337567, 331
1726, 0, 376, 411, 175, 23, 0.00%, 0, 0, 2, 179.55, 338503, 331
1731, 0, 376, 411, 175, 23, 0.00%, 0, 0, 2, 185.12, 339439, 331
1736, 0, 376, 411, 175, 23, 0.00%, 0, 0, 2, 182.21, 340348, 331
1742, 0, 376, 411, 175, 23, 0.00%, 0, 0, 2, 179.12, 341278, 331
1747, 0, 376, 411, 175, 23, 0.00%, 0, 0, 2, 174.41, 342196, 331
1752, 0, 376, 411, 175, 23, 0.00%, 0, 0, 2, 178.70, 343102, 331
1757, 0, 376, 411, 175, 23, 0.00%, 0, 0, 2, 186.86, 344083, 331
1762, 0, 376, 411, 175, 23, 0.00%, 0, 0, 2, 184.55, 345016, 331
1767, 0, 377, 411, 174, 22, 0.00%, 0, 0, 2, 184.10, 345972, 331
1772, 0, 377, 411, 174, 22, 0.00%, 0, 0, 2, 177.25, 346833, 331
1777, 0, 377, 411, 174, 22, 0.00%, 0, 0, 2, 185.06, 347769, 331
1783, 0, 377, 411, 174, 22, 0.00%, 0, 0, 2, 190.35, 348756, 331
1788, 0, 377, 411, 174, 22, 0.00%, 0, 0, 2, 190.12, 349710, 331
1793, 0, 377, 411, 174, 22, 0.00%, 0, 0, 2, 188.08, 350682, 331
1798, 0, 377, 411, 174, 22, 0.00%, 0, 0, 2, 186.83, 351627, 331
1803, 0, 377, 411, 174, 22, 0.00%, 0, 0, 2, 189.41, 352611, 331
1808, 0, 377, 411, 174, 22, 0.00%, 0, 0, 2, 191.38, 353601, 331
1813, 0, 377, 411, 174, 22, 0.00%, 0, 0, 2, 193.67, 354567, 331
1818, 0, 377, 411, 174, 22, 0.00%, 0, 0, 2, 191.63, 355551, 331
1824, 0, 377, 411, 174, 22, 0.00%, 0, 0, 2, 179.86, 356505, 331
1829, 0, 377, 411, 174, 22, 0.00%, 0, 0, 2, 178.76, 357381, 331
1834, 0, 377, 411, 174, 22, 0.00%, 0, 0, 2, 190.01, 358374, 331
1839, 0, 377, 411, 174, 22, 0.00%, 0, 0, 2, 192.07, 359370, 331
1844, 0, 377, 411, 174, 22, 0.00%, 0, 0, 2, 191.03, 360363, 331
1850, 0, 377, 411, 174, 22, 0.00%, 0, 0, 2, 191.27, 361362, 331
1855, 0, 377, 411, 174, 22, 0.00%, 0, 0, 2, 190.64, 362349, 331
1860, 0, 377, 411, 174, 22, 0.00%, 0, 0, 2, 192.47, 363360, 331
1865, 0, 377, 411, 174, 22, 0.00%, 0, 0, 2, 188.78, 364302, 331
1870, 0, 377, 411, 174, 22, 0.00%, 0, 0, 2, 178.23, 365193, 331
1875, 0, 377, 411, 174, 22, 0.00%, 0, 0, 2, 171.57, 366030, 331
1880, 0, 377, 411, 174, 22, 0.00%, 0, 0, 2, 177.30, 366969, 331
1885, 0, 377, 411, 174, 22, 0.00%, 0, 0, 2, 186.93, 367950, 331
1891, 0, 377, 411, 174, 22, 0.00%, 0, 0, 2, 194.39, 368955, 331
1896, 0, 377, 411, 174, 22, 0.00%, 0, 0, 2, 191.91, 369942, 331
1901, 0, 377, 411, 174, 22, 0.00%, 0, 0, 2, 190.93, 370938, 331
1906, 0, 377, 411, 174, 22, 0.00%, 0, 0, 2, 191.33, 371937, 331
1911, 0, 377, 411, 174, 22, 0.00%, 0, 0, 2, 191.91, 372900, 331
1916, 0, 377, 411, 174, 22, 0.00%, 0, 0, 2, 189.91, 373887, 331
1922, 0, 377, 411, 174, 22, 0.00%, 0, 0, 2, 193.43, 374892, 331
1927, 0, 377, 411, 174, 22, 0.00%, 0, 0, 2, 192.47, 375882, 331
1932, 0, 377, 411, 174, 22, 0.00%, 0, 0, 2, 185.63, 376833, 331
1937, 0, 378, 411, 173, 21, 0.00%, 0, 0, 2, 193.33, 377837, 331
1942, 0, 378, 411, 173, 21, 0.00%, 0, 0, 2, 284.49, 379425, 331
1947, 0, 378, 411, 173, 21, 0.00%, 0, 0, 2, 283.38, 380855, 331
1952, 0, 378, 411, 173, 21, 0.00%, 0, 0, 2, 283.72, 382280, 331
1957, 0, 378, 411, 173, 21, 0.00%, 0, 0, 2, 282.97, 383710, 331
1962, 0, 378, 411, 173, 21, 0.00%, 0, 0, 2, 284.33, 385145, 331
1967, 0, 379, 411, 172, 20, 0.00%, 0, 0, 2, 279.54, 386547, 331
1973, 0, 379, 411, 172, 20, 0.00%, 0, 0, 2, 284.96, 388002, 331
1978, 0, 379, 411, 172, 20, 0.00%, 0, 0, 2, 299.81, 389552, 331
1983, 0, 379, 411, 172, 20, 0.00%, 0, 0, 2, 314.85, 391171, 331
1988, 0, 379, 411, 172, 20, 0.00%, 0, 0, 2, 307.46, 392749, 331
1993, 0, 380, 411, 171, 19, 0.00%, 0, 0, 2, 300.63, 394245, 331
1998, 0, 380, 411, 171, 19, 0.00%, 0, 0, 2, 342.09, 396051, 331
2003, 0, 380, 411, 171, 19, 0.00%, 0, 0, 2, 320.27, 397665, 331
2008, 0, 380, 411, 171, 19, 0.00%, 0, 0, 2, 305.58, 399201, 331
2013, 0, 380, 411, 171, 19, 0.00%, 0, 0, 2, 307.91, 400743, 331
2018, 0, 380, 411, 171, 19, 0.00%, 0, 0, 2, 306.82, 402303, 331
2023, 0, 382, 411, 170, 18, 0.00%, 0, 0, 2, 298.09, 403836, 331
2028, 0, 382, 411, 170, 18, 0.00%, 0, 0, 2, 305.32, 405359, 331
2033, 0, 382, 411, 170, 18, 0.00%, 0, 0, 2, 305.66, 406872, 331
2038, 0, 382, 411, 170, 18, 0.00%, 0, 0, 2, 307.63, 408432, 331
2043, 0, 382, 411, 170, 18, 0.00%, 0, 0, 2, 298.82, 409957, 331
2049, 0, 383, 411, 169, 17, 0.00%, 0, 0, 2, 230.48, 411126, 331
2054, 0, 383, 411, 169, 17, 0.00%, 0, 0, 2, 192.14, 412046, 331
2059, 0, 383, 411, 169, 17, 0.00%, 0, 0, 2, 183.49, 412991, 331
2064, 0, 383, 411, 169, 17, 0.00%, 0, 0, 2, 182.08, 413897, 331
2069, 0, 383, 411, 169, 17, 0.00%, 0, 0, 2, 186.03, 414842, 331
2074, 0, 383, 411, 169, 17, 0.00%, 0, 0, 2, 192.13, 415838, 331
2079, 0, 383, 411, 169, 17, 0.00%, 0, 0, 2, 192.43, 416834, 331
2084, 0, 383, 411, 169, 17, 0.00%, 0, 0, 2, 189.69, 417770, 331
2090, 0, 383, 411, 169, 17, 0.00%, 0, 0, 2, 192.62, 418772, 331
2095, 0, 383, 411, 169, 17, 0.00%, 0, 0, 2, 192.62, 419771, 331
2100, 0, 383, 411, 169, 17, 0.00%, 0, 0, 2, 192.48, 420764, 331
2105, 0, 383, 411, 169, 17, 0.00%, 0, 0, 2, 196.63, 421781, 331
2110, 0, 383, 411, 169, 17, 0.00%, 0, 0, 2, 191.19, 422780, 331
2115, 0, 383, 411, 169, 17, 0.00%, 0, 0, 2, 175.87, 423662, 331
2121, 0, 383, 411, 169, 17, 0.00%, 0, 0, 2, 184.24, 424628, 331
2126, 0, 383, 411, 169, 17, 0.00%, 0, 0, 2, 184.87, 425591, 331
2131, 0, 383, 411, 169, 17, 0.00%, 0, 0, 2, 185.76, 426557, 331
2136, 0, 383, 411, 169, 17, 0.00%, 0, 0, 2, 186.67, 427493, 331
2141, 0, 383, 411, 169, 17, 0.00%, 0, 0, 2, 192.09, 428486, 331
2146, 0, 383, 411, 169, 17, 0.00%, 0, 0, 2, 192.57, 429422, 331
2151, 0, 383, 411, 169, 17, 0.00%, 0, 0, 2, 193.52, 430421, 331
2156, 0, 383, 411, 169, 17, 0.00%, 0, 0, 2, 192.01, 431408, 331
2162, 0, 383, 411, 169, 17, 0.00%, 0, 0, 2, 190.97, 432401, 331
2167, 0, 383, 411, 169, 17, 0.00%, 0, 0, 2, 187.91, 433325, 331
2172, 0, 383, 411, 169, 17, 0.00%, 0, 0, 2, 192.57, 434297, 331
2178, 0, 383, 411, 169, 17, 0.00%, 0, 0, 2, 185.53, 435305, 331
2183, 0, 383, 411, 169, 17, 0.00%, 0, 0, 2, 190.92, 436259, 331
2188, 0, 383, 411, 169, 17, 0.00%, 0, 0, 2, 196.16, 437252, 331
2193, 0, 383, 411, 169, 17, 0.00%, 0, 0, 2, 193.88, 438248, 331
2198, 0, 383, 411, 169, 17, 0.00%, 0, 0, 2, 199.46, 439162, 331
2203, 0, 383, 411, 169, 17, 0.00%, 0, 0, 2, 195.23, 440168, 331
2208, 0, 383, 411, 169, 17, 0.00%, 0, 0, 2, 195.90, 441176, 331
2213, 0, 383, 411, 169, 17, 0.00%, 0, 0, 2, 195.52, 442196, 331
2219, 0, 383, 411, 169, 17, 0.00%, 0, 0, 2, 197.12, 443219, 331
2224, 0, 385, 417, 174, 17, 0.00%, 0, 0, 2, 194.83, 444220, 333
2229, 0, 385, 417, 174, 17, 0.00%, 0, 0, 2, 200.32, 445261, 333
2234, 0, 385, 417, 174, 17, 0.00%, 0, 0, 2, 197.89, 446287, 333
2239, 0, 385, 417, 174, 17, 0.00%, 0, 0, 2, 189.60, 447250, 333
2244, 0, 385, 417, 174, 17, 0.00%, 0, 0, 2, 194.28, 448225, 333
2249, 0, 385, 417, 174, 17, 0.00%, 0, 0, 2, 190.52, 449197, 333
2254, 0, 385, 417, 174, 17, 0.00%, 0, 0, 2, 192.98, 450163, 333
2260, 0, 385, 417, 174, 17, 0.00%, 0, 0, 2, 197.88, 451189, 333
2265, 0, 385, 417, 174, 17, 0.00%, 0, 0, 2, 193.80, 452191, 333
2270, 0, 385, 417, 174, 17, 0.00%, 0, 0, 2, 197.52, 453220, 333
2275, 0, 385, 417, 174, 17, 0.00%, 0, 0, 2, 202.10, 454240, 333
2280, 0, 385, 417, 174, 17, 0.00%, 0, 0, 2, 202.96, 455296, 333
2285, 0, 385, 417, 174, 17, 0.00%, 0, 0, 2, 198.93, 456292, 333
2290, 0, 385, 417, 174, 17, 0.00%, 0, 0, 2, 186.88, 457246, 333
2295, 0, 385, 417, 174, 17, 0.00%, 0, 0, 2, 193.25, 458227, 333
2300, 0, 385, 417, 174, 17, 0.00%, 0, 0, 2, 190.77, 459196, 333
2306, 0, 385, 417, 174, 17, 0.00%, 0, 0, 2, 195.36, 460216, 333
2311, 0, 385, 417, 174, 17, 0.00%, 0, 0, 2, 195.43, 461230, 333
2316, 0, 385, 417, 174, 17, 0.00%, 0, 0, 2, 192.43, 462232, 333
2321, 0, 385, 417, 174, 17, 0.00%, 0, 0, 2, 187.71, 463165, 333
2326, 0, 385, 417, 174, 17, 0.00%, 0, 0, 2, 189.23, 464137, 333
2331, 0, 385, 417, 174, 17, 0.00%, 0, 0, 2, 187.44, 465112, 333
2337, 0, 385, 417, 174, 17, 0.00%, 0, 0, 2, 189.94, 466108, 333
2342, 0, 385, 417, 174, 17, 0.00%, 0, 0, 2, 194.29, 467125, 333
2347, 0, 385, 417, 174, 17, 0.00%, 0, 0, 2, 190.25, 468073, 333
2352, 0, 385, 417, 174, 17, 0.00%, 0, 0, 2, 198.00, 469108, 333
2357, 0, 385, 417, 174, 17, 0.00%, 0, 0, 2, 199.22, 470143, 333
2362, 0, 385, 417, 174, 17, 0.00%, 0, 0, 2, 196.63, 471163, 333
2368, 0, 385, 417, 174, 17, 0.00%, 0, 0, 2, 197.13, 472189, 333
2373, 0, 385, 417, 174, 17, 0.00%, 0, 0, 2, 199.14, 473224, 333
2378, 0, 385, 417, 174, 17, 0.00%, 0, 0, 2, 193.62, 474220, 333
2383, 0, 385, 417, 174, 17, 0.00%, 0, 0, 2, 189.63, 475165, 333
2388, 0, 385, 417, 174, 17, 0.00%, 0, 0, 2, 192.96, 476167, 333
2393, 0, 392, 418, 174, 16, 0.00%, 0, 0, 3, 203.29, 477228, 333
2398, 0, 392, 418, 174, 16, 0.00%, 0, 0, 3, 208.34, 478272, 333
2403, 0, 392, 418, 174, 16, 0.00%, 0, 0, 3, 207.60, 479324, 333
2408, 0, 392, 418, 174, 16, 0.00%, 0, 0, 3, 204.02, 480348, 333
2413, 0, 392, 418, 174, 16, 0.00%, 0, 0, 3, 202.96, 481352, 333
2419, 0, 392, 418, 174, 16, 0.00%, 0, 0, 3, 207.48, 482436, 333
2424, 0, 392, 418, 174, 16, 0.00%, 0, 0, 3, 201.30, 483460, 333
2429, 0, 392, 418, 174, 16, 0.00%, 0, 0, 3, 195.49, 484460, 333
2434, 0, 392, 418, 174, 16, 0.00%, 0, 0, 3, 200.06, 485498, 333
2439, 0, 392, 419, 175, 16, 0.00%, 0, 0, 3, 198.33, 486490, 336
2444, 0, 392, 419, 175, 16, 0.00%, 0, 0, 3, 200.90, 487500, 336
2449, 0, 392, 419, 175, 16, 0.00%, 0, 0, 3, 198.69, 488488, 336
2454, 0, 392, 419, 175, 16, 0.00%, 0, 0, 3, 201.54, 489548, 336
2459, 0, 392, 419, 175, 16, 0.00%, 0, 0, 3, 203.28, 490572, 336
2464, 0, 392, 419, 175, 16, 0.00%, 0, 0, 3, 204.77, 491600, 336
2469, 0, 392, 420, 176, 16, 0.00%, 0, 0, 3, 201.82, 492612, 337
2475, 0, 392, 420, 176, 16, 0.00%, 0, 0, 3, 203.85, 493664, 337
2480, 0, 392, 420, 176, 16, 0.00%, 0, 0, 3, 206.92, 494696, 337
2485, 0, 392, 420, 176, 16, 0.00%, 0, 0, 3, 207.16, 495740, 337
2490, 0, 392, 420, 176, 16, 0.00%, 0, 0, 3, 202.23, 496752, 337
2495, 0, 392, 420, 176, 16, 0.00%, 0, 0, 3, 197.58, 497706, 337
2500, 0, 392, 420, 176, 16, 0.00%, 0, 0, 3, 208.26, 498712, 337
2505, 0, 392, 420, 176, 16, 0.00%, 0, 0, 3, 207.25, 499800, 337
2510, 0, 392, 420, 176, 16, 0.00%, 0, 0, 3, 205.34, 500864, 337
2515, 0, 392, 420, 176, 16, 0.00%, 0, 0, 3, 205.23, 501940, 337
2520, 0, 392, 420, 176, 16, 0.00%, 0, 0, 3, 191.09, 502878, 337
2526, 0, 392, 420, 176, 16, 0.00%, 0, 0, 3, 199.16, 503892, 337
2531, 0, 392, 420, 176, 16, 0.00%, 0, 0, 3, 203.84, 504956, 337
2536, 0, 392, 420, 176, 16, 0.00%, 0, 0, 3, 206.11, 506008, 337
2541, 0, 392, 420, 176, 16, 0.00%, 0, 0, 3, 210.44, 507064, 337
2546, 0, 392, 420, 176, 16, 0.00%, 0, 0, 3, 206.11, 508084, 337
2551, 0, 398, 421, 176, 15, 0.00%, 0, 0, 3, 198.97, 509083, 338
2556, 0, 398, 421, 176, 15, 0.00%, 0, 0, 3, 210.65, 510160, 338
2561, 0, 398, 421, 176, 15, 0.00%, 0, 0, 3, 213.12, 511276, 338
2566, 0, 398, 421, 176, 15, 0.00%, 0, 0, 3, 209.42, 512328, 338
2571, 0, 398, 421, 176, 15, 0.00%, 0, 0, 3, 209.03, 513388, 338
2576, 0, 398, 421, 176, 15, 0.00%, 0, 0, 3, 210.64, 514452, 338
2582, 0, 398, 421, 176, 15, 0.00%, 0, 0, 3, 212.02, 515568, 338
2587, 0, 398, 421, 176, 15, 0.00%, 0, 0, 3, 197.95, 516565, 338
2592, 0, 398, 421, 176, 15, 0.00%, 0, 0, 3, 197.59, 517558, 338
2597, 0, 398, 421, 176, 15, 0.00%, 0, 0, 3, 205.20, 518628, 338
2602, 0, 398, 421, 176, 15, 0.00%, 0, 0, 3, 191.84, 519616, 338
2607, 0, 398, 421, 176, 15, 0.00%, 0, 0, 3, 199.04, 520552, 338
2612, 0, 398, 421, 176, 15, 0.00%, 0, 0, 3, 201.24, 521584, 338
2617, 0, 398, 421, 176, 15, 0.00%, 0, 0, 3, 201.78, 522608, 338
2622, 0, 398, 421, 176, 15, 0.00%, 0, 0, 3, 198.92, 523591, 338
2628, 0, 398, 421, 176, 15, 0.00%, 0, 0, 3, 202.22, 524632, 338
2633, 0, 398, 421, 176, 15, 0.00%, 0, 0, 3, 203.42, 525644, 338
2638, 0, 398, 421, 176, 15, 0.00%, 0, 0, 3, 213.23, 526732, 338
2643, 0, 398, 421, 176, 15, 0.00%, 0, 0, 3, 216.69, 527828, 338
2648, 0, 398, 421, 176, 15, 0.00%, 0, 0, 3, 214.87, 528904, 338
2653, 0, 398, 421, 176, 15, 0.00%, 0, 0, 3, 219.36, 530012, 338
2658, 0, 398, 421, 176, 15, 0.00%, 0, 0, 3, 211.58, 531060, 338
2663, 0, 398, 421, 176, 15, 0.00%, 0, 0, 3, 214.55, 532140, 338
2668, 0, 398, 421, 176, 15, 0.00%, 0, 0, 3, 216.04, 533216, 338
2673, 0, 398, 421, 176, 15, 0.00%, 0, 0, 3, 217.85, 534348, 338
2678, 0, 398, 421, 176, 15, 0.00%, 0, 0, 3, 198.44, 535321, 338
2683, 0, 398, 421, 176, 15, 0.00%, 0, 0, 3, 217.46, 536288, 338
2688, 0, 398, 421, 176, 15, 0.00%, 0, 0, 3, 213.85, 537376, 338
2693, 0, 398, 421, 176, 15, 0.00%, 0, 0, 3, 210.46, 538416, 338
2698, 0, 398, 421, 176, 15, 0.00%, 0, 0, 3, 207.89, 539496, 338
2704, 0, 398, 421, 176, 15, 0.00%, 0, 0, 3, 204.00, 540512, 338
2709, 0, 398, 421, 176, 15, 0.00%, 0, 0, 3, 212.86, 541592, 338
2714, 0, 401, 422, 176, 14, 0.00%, 0, 0, 3, 216.30, 542680, 339
2719, 0, 401, 422, 176, 14, 0.00%, 0, 0, 3, 210.33, 543760, 339
2724, 0, 401, 422, 176, 14, 0.00%, 0, 0, 3, 214.85, 544848, 339
2729, 0, 401, 422, 176, 14, 0.00%, 0, 0, 3, 209.67, 545908, 339
2734, 0, 401, 422, 176, 14, 0.00%, 0, 0, 3, 216.50, 547008, 339
2739, 0, 401, 422, 176, 14, 0.00%, 0, 0, 3, 219.41, 548104, 339
2744, 0, 401, 422, 176, 14, 0.00%, 0, 0, 3, 219.25, 549236, 339
2749, 0, 401, 422, 176, 14, 0.00%, 0, 0, 3, 209.55, 550300, 339
2754, 0, 401, 422, 176, 14, 0.00%, 0, 0, 3, 213.62, 551376, 339
2759, 0, 401, 422, 176, 14, 0.00%, 0, 0, 3, 194.21, 552257, 339
2764, 0, 401, 422, 176, 14, 0.00%, 0, 0, 3, 207.43, 553276, 339
2770, 0, 401, 422, 176, 14, 0.00%, 0, 0, 3, 209.55, 554336, 339
2775, 0, 401, 422, 176, 14, 0.00%, 0, 0, 3, 205.02, 555384, 339
2780, 0, 401, 422, 176, 14, 0.00%, 0, 0, 3, 211.23, 556468, 339
2785, 0, 401, 422, 176, 14, 0.00%, 0, 0, 3, 213.87, 557540, 339
2790, 0, 401, 422, 176, 14, 0.00%, 0, 0, 3, 213.21, 558604, 339
2795, 0, 401, 422, 176, 14, 0.00%, 0, 0, 3, 204.25, 559584, 339
2800, 0, 401, 422, 176, 14, 0.00%, 0, 0, 3, 190.31, 560474, 339
2805, 0, 401, 422, 176, 14, 0.00%, 0, 0, 3, 198.23, 561488, 339
2810, 0, 401, 422, 176, 14, 0.00%, 0, 0, 3, 197.20, 562500, 339
2815, 0, 401, 422, 176, 14, 0.00%, 0, 0, 3, 199.41, 563513, 339
2820, 0, 401, 422, 176, 14, 0.00%, 0, 0, 3, 199.90, 564530, 339
2826, 0, 401, 422, 176, 14, 0.00%, 0, 0, 3, 196.20, 565550, 339
2831, 0, 401, 422, 176, 14, 0.00%, 0, 0, 3, 195.47, 566519, 339
2836, 0, 401, 422, 176, 14, 0.00%, 0, 0, 3, 194.91, 567491, 339
2841, 0, 401, 422, 176, 14, 0.00%, 0, 0, 3, 200.69, 568508, 339
2846, 0, 401, 422, 176, 14, 0.00%, 0, 0, 3, 197.86, 569495, 339
2851, 0, 401, 422, 176, 14, 0.00%, 0, 0, 3, 184.97, 570434, 339
2856, 0, 401, 422, 176, 14, 0.00%, 0, 0, 3, 195.14, 571442, 339
2861, 0, 401, 422, 176, 14, 0.00%, 0, 0, 3, 197.54, 572444, 339
2866, 0, 401, 422, 176, 14, 0.00%, 0, 0, 3, 198.52, 573440, 339
2871, 0, 401, 422, 176, 14, 0.00%, 0, 0, 3, 198.94, 574469, 339
2876, 0, 403, 422, 175, 14, 0.00%, 0, 0, 3, 238.19, 575728, 339
2881, 0, 403, 422, 175, 14, 0.00%, 0, 0, 3, 250.62, 577032, 339
2887, 0, 403, 422, 175, 14, 0.00%, 0, 0, 3, 248.41, 578324, 339
2892, 0, 403, 422, 175, 14, 0.00%, 0, 0, 3, 249.54, 579620, 339
2897, 0, 403, 422, 175, 14, 0.00%, 0, 0, 3, 250.76, 580933, 339
2902, 0, 403, 422, 175, 14, 0.00%, 0, 0, 3, 251.57, 582238, 339
2907, 0, 404, 422, 174, 13, 0.00%, 0, 0, 3, 282.85, 583685, 339
2912, 0, 404, 422, 174, 13, 0.00%, 0, 0, 3, 287.89, 585130, 339
2918, 0, 404, 422, 174, 13, 0.00%, 0, 0, 3, 299.23, 586695, 339
2923, 0, 404, 422, 174, 13, 0.00%, 0, 0, 3, 303.31, 588240, 339
2928, 0, 404, 422, 174, 13, 0.00%, 0, 0, 3, 304.74, 589806, 339
2933, 0, 405, 422, 173, 12, 0.00%, 0, 0, 3, 307.53, 591362, 339
2938, 0, 405, 422, 173, 12, 0.00%, 0, 0, 3, 313.90, 592946, 339
2943, 0, 405, 422, 173, 12, 0.00%, 0, 0, 3, 316.96, 594560, 339
2948, 0, 405, 422, 173, 12, 0.00%, 0, 0, 3, 315.75, 596150, 339
2953, 0, 405, 422, 173, 12, 0.00%, 0, 0, 3, 320.08, 597806, 339
2958, 0, 406, 422, 172, 11, 0.00%, 0, 0, 3, 309.95, 599374, 339
2963, 0, 406, 422, 172, 11, 0.00%, 0, 0, 3, 304.85, 600910, 339
2968, 0, 406, 422, 172, 11, 0.00%, 0, 0, 3, 307.78, 602476, 339
2973, 0, 406, 422, 172, 11, 0.00%, 0, 0, 3, 309.90, 604066, 339
2978, 0, 406, 422, 172, 11, 0.00%, 0, 0, 3, 305.06, 605626, 339
2984, 0, 406, 422, 172, 11, 0.00%, 0, 0, 3, 296.32, 607139, 339
2989, 0, 407, 422, 171, 10, 0.00%, 0, 0, 3, 293.14, 608646, 339
2994, 0, 407, 422, 171, 10, 0.00%, 0, 0, 3, 288.89, 610146, 339
2999, 0, 407, 422, 171, 10, 0.00%, 0, 0, 3, 291.92, 611651, 339
3004, 0, 407, 422, 171, 10, 0.00%, 0, 0, 3, 294.89, 613171, 339
3009, 0, 407, 422, 171, 10, 0.00%, 0, 0, 3, 292.28, 614691, 339
3014, 0, 410, 422, 170, 9, 0.00%, 0, 0, 3, 244.83, 615952, 339
3020, 0, 410, 422, 170, 9, 0.00%, 0, 0, 3, 188.25, 616844, 339
3025, 0, 410, 422, 170, 9, 0.00%, 0, 0, 3, 177.17, 617708, 339
3030, 0, 410, 422, 170, 9, 0.00%, 0, 0, 3, 178.88, 618635, 339
3035, 0, 410, 422, 170, 9, 0.00%, 0, 0, 3, 180.08, 619535, 339
3040, 0, 410, 422, 170, 9, 0.00%, 0, 0, 3, 179.22, 620423, 339
3045, 0, 410, 422, 170, 9, 0.00%, 0, 0, 3, 177.56, 621314, 339
3050, 0, 410, 422, 170, 9, 0.00%, 0, 0, 3, 178.99, 622244, 339
3055, 0, 410, 422, 170, 9, 0.00%, 0, 0, 3, 180.12, 623180, 339
3060, 0, 410, 422, 170, 9, 0.00%, 0, 0, 3, 186.72, 624143, 339
3065, 0, 410, 422, 170, 9, 0.00%, 0, 0, 3, 181.02, 625049, 339
3071, 0, 410, 422, 170, 9, 0.00%, 0, 0, 3, 184.41, 626009, 339
3076, 0, 410, 422, 170, 9, 0.00%, 0, 0, 3, 173.16, 626891, 339
3081, 0, 410, 422, 170, 9, 0.00%, 0, 0, 3, 158.40, 627659, 339
3086, 0, 410, 422, 170, 9, 0.00%, 0, 0, 3, 177.89, 628610, 339
3091, 0, 410, 422, 170, 9, 0.00%, 0, 0, 3, 178.55, 629510, 339
3096, 0, 410, 422, 170, 9, 0.00%, 0, 0, 3, 178.91, 630413, 339
3101, 0, 410, 422, 170, 9, 0.00%, 0, 0, 3, 182.61, 631364, 339
3106, 0, 410, 422, 170, 9, 0.00%, 0, 0, 3, 183.54, 632297, 339
3112, 0, 410, 422, 170, 9, 0.00%, 0, 0, 3, 183.22, 633248, 339
3117, 0, 410, 422, 170, 9, 0.00%, 0, 0, 3, 181.76, 634151, 339
3122, 0, 410, 422, 170, 9, 0.00%, 0, 0, 3, 179.85, 635078, 339
3127, 0, 410, 422, 170, 9, 0.00%, 0, 0, 3, 172.47, 635945, 339
3132, 0, 410, 422, 170, 9, 0.00%, 0, 0, 3, 177.43, 636869, 339
3137, 0, 410, 422, 170, 9, 0.00%, 0, 0, 3, 180.75, 637796, 339
3143, 0, 410, 422, 170, 9, 0.00%, 0, 0, 3, 182.00, 638747, 339
3148, 0, 410, 422, 170, 9, 0.00%, 0, 0, 3, 169.54, 639656, 339
3153, 0, 410, 422, 170, 9, 0.00%, 0, 0, 3, 162.98, 640427, 339
3158, 0, 410, 422, 170, 9, 0.00%, 0, 0, 3, 178.90, 641354, 339
3163, 0, 410, 422, 170, 9, 0.00%, 0, 0, 3, 178.54, 642254, 339
3168, 0, 410, 422, 170, 9, 0.00%, 0, 0, 3, 175.94, 643112, 339
3174, 0, 410, 422, 170, 9, 0.00%, 0, 0, 3, 175.30, 643967, 339
3179, 0, 410, 422, 170, 9, 0.00%, 0, 0, 3, 178.48, 644864, 339
3184, 0, 410, 422, 170, 9, 0.00%, 0, 0, 3, 180.90, 645791, 339
3189, 0, 410, 422, 170, 9, 0.00%, 0, 0, 3, 183.77, 646736, 339
3194, 0, 410, 422, 170, 9, 0.00%, 0, 0, 3, 183.09, 647687, 339
3199, 0, 411, 423, 170, 8, 0.00%, 0, 0, 3, 185.99, 648615, 339
3204, 0, 411, 423, 170, 8, 0.00%, 0, 0, 3, 187.67, 649554, 339
3209, 0, 411, 423, 170, 8, 0.00%, 0, 0, 3, 180.04, 650466, 339
3214, 0, 411, 423, 170, 8, 0.00%, 0, 0, 3, 171.91, 651336, 339
3220, 0, 411, 423, 170, 8, 0.00%, 0, 0, 3, 185.64, 652314, 339
3225, 0, 411, 423, 170, 8, 0.00%, 0, 0, 3, 185.88, 653283, 339
3230, 0, 411, 423, 170, 8, 0.00%, 0, 0, 3, 185.17, 654243, 339
3235, 0, 411, 423, 170, 8, 0.00%, 0, 0, 3, 182.07, 655149, 339
3240, 0, 411, 423, 170, 8, 0.00%, 0, 0, 3, 182.75, 656103, 339
3245, 0, 411, 423, 170, 8, 0.00%, 0, 0, 3, 184.45, 657054, 339
3251, 0, 411, 423, 170, 8, 0.00%, 0, 0, 3, 184.62, 658029, 339
3256, 0, 411, 423, 170, 8, 0.00%, 0, 0, 3, 173.24, 658872, 339
3261, 0, 411, 423, 170, 8, 0.00%, 0, 0, 3, 160.98, 659664, 339
3266, 0, 411, 423, 170, 8, 0.00%, 0, 0, 3, 180.55, 660438, 339
3271, 0, 411, 423, 170, 8, 0.00%, 0, 0, 3, 180.27, 661347, 339
3276, 0, 411, 423, 170, 8, 0.00%, 0, 0, 3, 175.14, 662241, 339
3281, 0, 411, 423, 170, 8, 0.00%, 0, 0, 3, 182.07, 663207, 339
3286, 0, 411, 423, 170, 8, 0.00%, 0, 0, 3, 178.91, 664125, 339
3291, 0, 411, 423, 170, 8, 0.00%, 0, 0, 3, 182.38, 665073, 339
3296, 0, 411, 423, 170, 8, 0.00%, 0, 0, 3, 180.66, 666000, 339
3301, 0, 411, 423, 170, 8, 0.00%, 0, 0, 3, 180.04, 666903, 339
3306, 0, 411, 423, 170, 8, 0.00%, 0, 0, 3, 183.87, 667827, 339
3312, 0, 411, 423, 170, 8, 0.00%, 0, 0, 3, 183.08, 668775, 339
3317, 0, 411, 423, 170, 8, 0.00%, 0, 0, 3, 181.52, 669675, 339
3322, 0, 411, 423, 170, 8, 0.00%, 0, 0, 3, 179.60, 670614, 339
3327, 0, 411, 423, 170, 8, 0.00%, 0, 0, 3, 169.58, 671475, 339
3332, 0, 411, 423, 170, 8, 0.00%, 0, 0, 3, 180.19, 672426, 339
3337, 0, 411, 423, 170, 8, 0.00%, 0, 0, 3, 185.55, 673395, 339
3342, 0, 411, 423, 170, 8, 0.00%, 0, 0, 3, 186.55, 674328, 339
3347, 0, 411, 423, 170, 8, 0.00%, 0, 0, 3, 183.46, 675246, 339
3353, 0, 411, 423, 170, 8, 0.00%, 0, 0, 3, 184.87, 676200, 339
3358, 0, 411, 423, 170, 8, 0.00%, 0, 0, 3, 179.38, 677145, 339
3363, 0, 411, 423, 170, 8, 0.00%, 0, 0, 3, 181.44, 678087, 339
3368, 0, 411, 423, 170, 8, 0.00%, 0, 0, 3, 181.82, 679032, 339
3373, 0, 411, 423, 170, 8, 0.00%, 0, 0, 3, 184.58, 679989, 339
3378, 0, 411, 423, 170, 8, 0.00%, 0, 0, 3, 187.13, 680931, 339
3384, 0, 412, 426, 172, 7, 0.00%, 0, 0, 3, 183.34, 681854, 339
3389, 0, 412, 426, 172, 7, 0.00%, 0, 0, 3, 181.37, 682742, 339
3394, 0, 412, 426, 172, 7, 0.00%, 0, 0, 3, 187.07, 683717, 339
3399, 0, 412, 426, 172, 7, 0.00%, 0, 0, 3, 186.43, 684677, 339
3404, 0, 412, 426, 172, 7, 0.00%, 0, 0, 3, 183.76, 685622, 339
3409, 0, 412, 426, 172, 7, 0.00%, 0, 0, 3, 183.89, 686543, 339
3414, 0, 412, 426, 172, 7, 0.00%, 0, 0, 3, 181.52, 687458, 339
3419, 0, 412, 426, 172, 7, 0.00%, 0, 0, 3, 168.47, 688139, 339
3424, 0, 412, 426, 172, 7, 0.00%, 0, 0, 3, 179.08, 689090, 339
3430, 0, 412, 426, 172, 7, 0.00%, 0, 0, 3, 183.46, 690044, 339
3435, 0, 412, 426, 172, 7, 0.00%, 0, 0, 3, 183.19, 690995, 339
3440, 0, 412, 426, 172, 7, 0.00%, 0, 0, 3, 182.55, 691946, 339
3445, 0, 412, 426, 172, 7, 0.00%, 0, 0, 3, 183.79, 692900, 339
3450, 0, 412, 426, 172, 7, 0.00%, 0, 0, 3, 185.59, 693863, 339
3455, 0, 412, 426, 172, 7, 0.00%, 0, 0, 3, 174.06, 694733, 339
3461, 0, 412, 426, 172, 7, 0.00%, 0, 0, 3, 181.04, 695678, 339
3466, 0, 412, 426, 172, 7, 0.00%, 0, 0, 3, 184.11, 696605, 339
3471, 0, 412, 426, 172, 7, 0.00%, 0, 0, 3, 182.00, 697529, 339
3476, 0, 412, 426, 172, 7, 0.00%, 0, 0, 3, 185.90, 698504, 339
3481, 0, 412, 426, 172, 7, 0.00%, 0, 0, 3, 186.87, 699473, 339
3486, 0, 412, 426, 172, 7, 0.00%, 0, 0, 3, 186.38, 700436, 339
3492, 0, 412, 426, 172, 7, 0.00%, 0, 0, 3, 174.69, 701345, 339
3497, 0, 412, 426, 172, 7, 0.00%, 0, 0, 3, 177.09, 702236, 339
3502, 0, 412, 426, 172, 7, 0.00%, 0, 0, 3, 179.51, 703160, 339
3507, 0, 412, 426, 172, 7, 0.00%, 0, 0, 3, 175.23, 704063, 339
3512, 0, 412, 426, 172, 7, 0.00%, 0, 0, 3, 179.90, 704999, 339
3517, 0, 412, 426, 172, 7, 0.00%, 0, 0, 3, 172.83, 705878, 339
3522, 0, 412, 426, 172, 7, 0.00%, 0, 0, 3, 182.25, 706838, 339
3527, 0, 412, 426, 172, 7, 0.00%, 0, 0, 3, 178.39, 707732, 339
3532, 0, 412, 426, 172, 7, 0.00%, 0, 0, 3, 178.51, 708635, 339
3537, 0, 412, 426, 172, 7, 0.00%, 0, 0, 3, 180.99, 709544, 339
3543, 0, 412, 426, 172, 7, 0.00%, 0, 0, 3, 181.32, 710480, 339
3548, 0, 412, 426, 172, 7, 0.00%, 0, 0, 3, 165.59, 711323, 339
3553, 0, 412, 426, 172, 7, 0.00%, 0, 0, 3, 173.94, 712190, 339
3558, 0, 412, 426, 172, 7, 0.00%, 0, 0, 3, 179.75, 713096, 339
3563, 0, 414, 426, 171, 6, 0.00%, 0, 0, 3, 182.06, 714043, 339
3568, 0, 414, 426, 171, 6, 0.00%, 0, 0, 3, 180.23, 714985, 339
3573, 0, 414, 426, 171, 6, 0.00%, 0, 0, 3, 159.31, 715711, 339
3578, 0, 414, 426, 171, 6, 0.00%, 0, 0, 3, 166.57, 716545, 339
3583, 0, 414, 426, 171, 6, 0.00%, 0, 0, 3, 177.63, 717439, 339
3588, 0, 414, 426, 171, 6, 0.00%, 0, 0, 3, 179.66, 718375, 339
3594, 0, 414, 426, 171, 6, 0.00%, 0, 0, 3, 181.71, 719323, 339
3599, 0, 414, 426, 171, 6, 0.00%, 0, 0, 3, 184.41, 720280, 339
3604, 0, 414, 426, 171, 6, 0.00%, 0, 0, 3, 182.31, 721213, 339
3609, 0, 414, 426, 171, 6, 0.00%, 0, 0, 3, 179.36, 722101, 339
3614, 0, 414, 426, 171, 6, 0.00%, 0, 0, 3, 183.77, 723049, 339
3619, 0, 414, 426, 171, 6, 0.00%, 0, 0, 3, 182.14, 723994, 339
3625, 0, 414, 426, 171, 6, 0.00%, 0, 0, 3, 177.00, 724918, 339
3630, 0, 414, 426, 171, 6, 0.00%, 0, 0, 3, 162.18, 725686, 339
3635, 0, 414, 426, 171, 6, 0.00%, 0, 0, 3, 173.15, 726556, 339
3640, 0, 414, 426, 171, 6, 0.00%, 0, 0, 3, 179.53, 727495, 339
3645, 0, 414, 426, 171, 6, 0.00%, 0, 0, 3, 177.29, 728413, 339
3650, 0, 414, 426, 171, 6, 0.00%, 0, 0, 3, 175.78, 729304, 339
3655, 0, 414, 426, 171, 6, 0.00%, 0, 0, 3, 174.31, 730213, 339
3660, 0, 414, 426, 171, 6, 0.00%, 0, 0, 3, 180.95, 731125, 339
3666, 0, 414, 426, 171, 6, 0.00%, 0, 0, 3, 180.79, 732061, 339
3671, 0, 414, 426, 171, 6, 0.00%, 0, 0, 3, 183.83, 733024, 339
3676, 0, 414, 426, 171, 6, 0.00%, 0, 0, 3, 172.38, 733867, 339
3681, 0, 414, 426, 171, 6, 0.00%, 0, 0, 3, 184.30, 734833, 339
3686, 0, 414, 426, 171, 6, 0.00%, 0, 0, 3, 188.37, 735808, 339
3691, 0, 414, 426, 171, 6, 0.00%, 0, 0, 3, 184.69, 736735, 339
3696, 0, 414, 426, 171, 6, 0.00%, 0, 0, 3, 182.11, 737683, 339
3701, 0, 414, 426, 171, 6, 0.00%, 0, 0, 3, 177.99, 738556, 339
3707, 0, 414, 426, 171, 6, 0.00%, 0, 0, 3, 178.90, 739489, 339
3712, 0, 414, 426, 171, 6, 0.00%, 0, 0, 3, 179.77, 740428, 339
3717, 0, 414, 426, 171, 6, 0.00%, 0, 0, 3, 180.18, 741370, 339
3722, 0, 414, 426, 171, 6, 0.00%, 0, 0, 3, 179.79, 742297, 339
3727, 0, 414, 426, 171, 6, 0.00%, 0, 0, 3, 179.26, 743200, 339
3732, 0, 414, 426, 171, 6, 0.00%, 0, 0, 3, 181.21, 744151, 339
3738, 0, 414, 426, 171, 6, 0.00%, 0, 0, 3, 175.70, 745057, 339
3743, 0, 414, 426, 171, 6, 0.00%, 0, 0, 3, 177.92, 745954, 339
3748, 0, 415, 426, 170, 5, 0.00%, 0, 0, 3, 176.72, 746841, 339
3753, 0, 415, 426, 170, 5, 0.00%, 0, 0, 3, 180.57, 747783, 339
3758, 0, 415, 426, 170, 5, 0.00%, 0, 0, 3, 180.59, 748722, 339
3763, 0, 415, 426, 170, 5, 0.00%, 0, 0, 3, 180.25, 749652, 339
3768, 0, 415, 426, 170, 5, 0.00%, 0, 0, 3, 158.16, 750411, 339
3773, 0, 415, 426, 170, 5, 0.00%, 0, 0, 3, 178.21, 751197, 339
3779, 0, 415, 426, 170, 5, 0.00%, 0, 0, 3, 180.55, 752130, 339
3784, 0, 415, 426, 170, 5, 0.00%, 0, 0, 3, 180.93, 753033, 339
3789, 0, 415, 426, 170, 5, 0.00%, 0, 0, 3, 175.47, 753930, 339
3794, 0, 415, 426, 170, 5, 0.00%, 0, 0, 3, 180.15, 754869, 339
3799, 0, 415, 426, 170, 5, 0.00%, 0, 0, 3, 182.20, 755787, 339
3804, 0, 415, 426, 170, 5, 0.00%, 0, 0, 3, 178.61, 756708, 339
3809, 0, 415, 426, 170, 5, 0.00%, 0, 0, 3, 174.93, 757608, 339
3815, 0, 415, 426, 170, 5, 0.00%, 0, 0, 3, 179.27, 758541, 339
3820, 0, 415, 426, 170, 5, 0.00%, 0, 0, 3, 173.99, 759417, 339
3825, 0, 415, 426, 170, 5, 0.00%, 0, 0, 3, 176.02, 760293, 339
3830, 0, 415, 426, 170, 5, 0.00%, 0, 0, 3, 174.93, 761166, 339
3835, 0, 415, 426, 170, 5, 0.00%, 0, 0, 3, 172.84, 762030, 339
3840, 0, 415, 426, 170, 5, 0.00%, 0, 0, 3, 175.65, 762945, 339
3845, 0, 415, 426, 170, 5, 0.00%, 0, 0, 3, 177.59, 763872, 339
3850, 0, 415, 426, 170, 5, 0.00%, 0, 0, 3, 171.48, 764781, 339
3856, 0, 415, 426, 170, 5, 0.00%, 0, 0, 3, 177.17, 765711, 339
3861, 0, 415, 426, 170, 5, 0.00%, 0, 0, 3, 179.02, 766611, 339
3866, 0, 415, 426, 170, 5, 0.00%, 0, 0, 3, 176.31, 767499, 339
3871, 0, 415, 426, 170, 5, 0.00%, 0, 0, 3, 180.22, 768438, 339
3876, 0, 415, 426, 170, 5, 0.00%, 0, 0, 3, 179.67, 769374, 339
3881, 0, 415, 426, 170, 5, 0.00%, 0, 0, 3, 177.18, 770271, 339
3886, 0, 415, 426, 170, 5, 0.00%, 0, 0, 3, 168.96, 771069, 339
3891, 0, 415, 426, 170, 5, 0.00%, 0, 0, 3, 175.62, 771993, 339
3896, 0, 415, 426, 170, 5, 0.00%, 0, 0, 3, 163.13, 772812, 339
3901, 0, 415, 426, 170, 5, 0.00%, 0, 0, 3, 169.37, 773676, 339
3907, 0, 415, 426, 170, 5, 0.00%, 0, 0, 3, 174.63, 774600, 339
3912, 0, 415, 426, 170, 5, 0.00%, 0, 0, 3, 181.14, 775518, 339
3917, 0, 415, 426, 170, 5, 0.00%, 0, 0, 3, 183.50, 776466, 339
3922, 0, 415, 426, 170, 5, 0.00%, 0, 0, 3, 183.51, 777417, 339
3927, 0, 415, 426, 170, 5, 0.00%, 0, 0, 3, 170.18, 778227, 339
3932, 0, 415, 426, 170, 5, 0.00%, 0, 0, 3, 154.57, 778968, 339
3938, 0, 421, 426, 169, 4, 0.00%, 0, 0, 3, 175.18, 779852, 339
3943, 0, 421, 426, 169, 4, 0.00%, 0, 0, 3, 196.99, 780899, 339
3948, 0, 421, 426, 169, 4, 0.00%, 0, 0, 3, 202.64, 781942, 339
3953, 0, 421, 426, 169, 4, 0.00%, 0, 0, 3, 206.10, 782982, 339
3958, 0, 421, 426, 169, 4, 0.00%, 0, 0, 3, 204.11, 784006, 339
3963, 0, 421, 426, 169, 4, 0.00%, 0, 0, 3, 203.27, 785038, 339
3968, 0, 421, 426, 169, 4, 0.00%, 0, 0, 3, 197.66, 786044, 339
3973, 0, 421, 426, 169, 4, 0.00%, 0, 0, 3, 200.37, 787098, 339
3978, 0, 421, 426, 169, 4, 0.00%, 0, 0, 3, 196.43, 788069, 339
3984, 0, 421, 426, 169, 4, 0.00%, 0, 0, 3, 200.72, 789106, 339
3989, 0, 421, 426, 169, 4, 0.00%, 0, 0, 3, 203.49, 790142, 339
3994, 0, 421, 426, 169, 4, 0.00%, 0, 0, 3, 207.63, 791178, 339
3999, 0, 421, 426, 169, 4, 0.00%, 0, 0, 3, 207.72, 792226, 339
4004, 0, 421, 426, 169, 4, 0.00%, 0, 0, 3, 208.07, 793266, 339
4009, 0, 421, 426, 169, 4, 0.00%, 0, 0, 3, 203.40, 794290, 339
4014, 0, 421, 426, 169, 4, 0.00%, 0, 0, 3, 201.87, 795298, 339
4019, 0, 421, 426, 169, 4, 0.00%, 0, 0, 3, 208.43, 796338, 339
4024, 0, 421, 426, 169, 4, 0.00%, 0, 0, 3, 213.02, 797414, 339
4029, 0, 421, 426, 169, 4, 0.00%, 0, 0, 3, 216.14, 798530, 339
4034, 0, 421, 426, 169, 4, 0.00%, 0, 0, 3, 218.41, 799634, 339
4039, 0, 421, 426, 169, 4, 0.00%, 0, 0, 3, 213.59, 800734, 339
4044, 0, 421, 426, 169, 4, 0.00%, 0, 0, 3, 212.13, 801810, 339
4049, 0, 421, 426, 169, 4, 0.00%, 0, 0, 3, 212.96, 802882, 339
4054, 0, 421, 426, 169, 4, 0.00%, 0, 0, 3, 215.74, 803974, 339
4059, 0, 421, 426, 169, 4, 0.00%, 0, 0, 3, 213.04, 805038, 339
4064, 0, 421, 426, 169, 4, 0.00%, 0, 0, 3, 211.57, 806094, 339
4069, 0, 421, 426, 169, 4, 0.00%, 0, 0, 3, 214.04, 807162, 339
4075, 0, 421, 426, 169, 4, 0.00%, 0, 0, 3, 211.40, 808226, 339
4080, 0, 421, 426, 169, 4, 0.00%, 0, 0, 3, 216.09, 809350, 339
4085, 0, 421, 426, 169, 4, 0.00%, 0, 0, 3, 215.88, 810482, 339
4090, 0, 421, 426, 169, 4, 0.00%, 0, 0, 3, 214.85, 811586, 339
4095, 1, 191, 426, 168, 3, 0.00%, 0, 0, 3, 266.48, 812897, 339
4100, 1, 191, 426, 168, 3, 0.00%, 0, 0, 3, 303.76, 814522, 339
4105, 1, 191, 426, 168, 3, 0.00%, 0, 0, 3, 310.86, 816106, 339
4110, 1, 191, 426, 168, 3, 0.00%, 0, 0, 3, 309.20, 817666, 339
4115, 1, 191, 426, 168, 3, 0.00%, 0, 0, 3, 312.18, 819250, 339
4121, 2, 425, 426, 168, 3, 0.00%, 0, 0, 3, 278.24, 820709, 339
4126, 2, 425, 426, 168, 3, 0.00%, 0, 0, 3, 212.94, 821703, 339
4131, 2, 425, 426, 168, 3, 0.00%, 0, 0, 3, 217.87, 822783, 339
4136, 2, 425, 426, 168, 3, 0.00%, 0, 0, 3, 223.51, 823907, 339
4141, 2, 425, 426, 168, 3, 0.00%, 0, 0, 3, 227.07, 825103, 339
4146, 2, 425, 426, 168, 3, 0.00%, 0, 0, 3, 227.61, 826291, 339
4151, 2, 425, 426, 168, 3, 0.00%, 0, 0, 3, 227.75, 827479, 339
4157, 2, 425, 426, 168, 3, 0.00%, 0, 0, 3, 181.33, 828608, 339
4162, 2, 425, 426, 168, 3, 0.00%, 0, 0, 3, 219.84, 829799, 339
4167, 2, 425, 426, 168, 3, 0.00%, 0, 0, 3, 227.12, 830995, 339
4172, 2, 425, 426, 168, 3, 0.00%, 0, 0, 3, 164.43, 831701, 339
4177, 2, 425, 426, 168, 3, 0.00%, 0, 0, 3, 161.82, 832463, 339
4183, 2, 425, 426, 168, 3, 0.00%, 0, 0, 3, 105.00, 833187, 339
4188, 2, 425, 426, 168, 3, 0.00%, 0, 0, 3, 34.79, 833930, 339
4193, 2, 425, 426, 168, 3, 0.00%, 0, 0, 3, 235.37, 835083, 339
4198, 2, 425, 426, 168, 3, 0.00%, 0, 0, 3, 237.34, 836263, 339
4203, 2, 425, 426, 168, 3, 0.00%, 0, 0, 3, 239.14, 837507, 339
4208, 2, 425, 426, 168, 3, 0.00%, 0, 0, 3, 228.49, 838691, 339
4213, 2, 425, 426, 168, 3, 0.00%, 0, 0, 3, 230.10, 839895, 339
4219, 2, 425, 426, 168, 3, 0.00%, 0, 0, 3, 233.37, 841095, 339
4224, 2, 425, 426, 168, 3, 0.00%, 0, 0, 3, 233.13, 842295, 339
4229, 2, 425, 426, 168, 3, 0.00%, 0, 0, 3, 232.03, 843459, 339
4234, 2, 425, 426, 168, 3, 0.00%, 0, 0, 3, 222.42, 844551, 339
4239, 2, 425, 426, 168, 3, 0.00%, 0, 0, 3, 228.97, 845703, 339
4244, 2, 425, 426, 168, 3, 0.00%, 0, 0, 3, 231.02, 846911, 339
4249, 2, 425, 426, 168, 3, 0.00%, 0, 0, 3, 232.24, 848079, 339
4254, 2, 425, 426, 168, 3, 0.00%, 0, 0, 3, 234.12, 849255, 339
4259, 2, 425, 426, 168, 3, 0.00%, 0, 0, 3, 229.19, 850395, 339
4264, 2, 425, 426, 168, 3, 0.00%, 0, 0, 3, 225.34, 851555, 339
4269, 2, 425, 426, 168, 3, 0.00%, 0, 0, 3, 214.54, 852619, 339
4275, 3, 160, 429, 170, 3, 0.00%, 0, 0, 3, 216.67, 853679, 339
4280, 3, 160, 429, 170, 3, 0.00%, 0, 0, 3, 223.28, 854811, 339
4285, 3, 160, 429, 170, 3, 0.00%, 0, 0, 3, 240.23, 856015, 339
4290, 3, 160, 429, 170, 3, 0.00%, 0, 0, 3, 243.34, 857287, 339
4295, 3, 160, 429, 170, 3, 0.00%, 0, 0, 3, 243.37, 858547, 339
4300, 3, 160, 429, 170, 3, 0.00%, 0, 0, 3, 245.74, 859835, 339
4306, 3, 160, 429, 170, 3, 0.00%, 0, 0, 3, 229.32, 861039, 339
4311, 3, 160, 429, 170, 3, 0.00%, 0, 0, 3, 229.34, 862159, 339
4316, 3, 160, 429, 170, 3, 0.00%, 0, 0, 3, 236.56, 863335, 339
4321, 3, 160, 429, 170, 3, 0.00%, 0, 0, 3, 240.70, 864487, 339
4326, 3, 160, 429, 170, 3, 0.00%, 0, 0, 3, 230.64, 865063, 339
4331, 3, 160, 429, 170, 3, 0.00%, 0, 0, 3, 34.44, 865360, 339
4337, 3, 160, 429, 170, 3, 0.00%, 0, 0, 3, 157.28, 865795, 339
4342, 3, 160, 429, 170, 3, 0.00%, 0, 0, 3, 80.22, 866277, 339
4347, 3, 160, 429, 170, 3, 0.00%, 0, 0, 3, 209.16, 867531, 339
4352, 3, 160, 429, 170, 3, 0.00%, 0, 0, 3, 236.65, 868787, 339
4357, 3, 160, 429, 170, 3, 0.00%, 0, 0, 3, 239.31, 870007, 339
4362, 3, 160, 429, 170, 3, 0.00%, 0, 0, 3, 234.50, 871191, 339
4367, 3, 160, 429, 170, 3, 0.00%, 0, 0, 3, 236.72, 872375, 339
4372, 3, 160, 429, 170, 3, 0.00%, 0, 0, 3, 239.92, 873591, 339
4377, 3, 160, 429, 170, 3, 0.00%, 0, 0, 3, 229.04, 874807, 339
4382, 3, 160, 429, 170, 3, 0.00%, 0, 0, 3, 240.94, 876003, 339
4388, 3, 160, 429, 170, 3, 0.00%, 0, 0, 3, 245.69, 877275, 339
4393, 3, 160, 429, 170, 3, 0.00%, 0, 0, 3, 253.48, 878586, 339
4398, 3, 160, 429, 170, 3, 0.00%, 0, 0, 3, 258.54, 879896, 339
4403, 3, 160, 429, 170, 3, 0.00%, 0, 0, 3, 259.65, 881201, 339
4408, 3, 160, 429, 170, 3, 0.00%, 0, 0, 3, 264.30, 882581, 339
4413, 3, 160, 429, 170, 3, 0.00%, 0, 0, 3, 266.15, 883916, 339
4418, 3, 160, 429, 170, 3, 0.00%, 0, 0, 3, 257.84, 885201, 339
4423, 3, 196, 429, 169, 3, 0.00%, 0, 0, 3, 266.45, 886544, 339
4428, 3, 196, 429, 169, 3, 0.00%, 0, 0, 3, 269.00, 887894, 339
4433, 3, 196, 429, 169, 3, 0.00%, 0, 0, 3, 257.38, 889214, 339
4438, 3, 196, 429, 169, 3, 0.00%, 0, 0, 3, 263.13, 890534, 339
4443, 3, 196, 429, 169, 3, 0.00%, 0, 0, 3, 244.74, 891739, 339
4448, 3, 196, 429, 169, 3, 0.00%, 0, 0, 3, 266.23, 893094, 339
4454, 3, 196, 429, 169, 3, 0.00%, 0, 0, 3, 272.22, 894514, 339
4459, 3, 196, 429, 169, 3, 0.00%, 0, 0, 3, 275.44, 895894, 339
4464, 3, 196, 429, 169, 3, 0.00%, 0, 0, 3, 270.81, 897309, 339
4469, 3, 196, 429, 169, 3, 0.00%, 0, 0, 3, 274.99, 898739, 339
4474, 3, 196, 429, 169, 3, 0.00%, 0, 0, 3, 266.56, 900114, 339
4480, 3, 196, 429, 169, 3, 0.00%, 0, 0, 3, 263.38, 901484, 339
4485, 3, 196, 429, 169, 3, 0.00%, 0, 0, 3, 264.28, 902809, 339
4490, 3, 196, 429, 169, 3, 0.00%, 0, 0, 3, 236.73, 904055, 339
4495, 3, 196, 429, 169, 3, 0.00%, 0, 0, 3, 240.80, 905203, 339
4500, 3, 196, 429, 169, 3, 0.00%, 0, 0, 3, 250.23, 906439, 339
4505, 3, 196, 429, 169, 3, 0.00%, 0, 0, 3, 260.67, 907764, 339
4510, 3, 196, 429, 169, 3, 0.00%, 0, 0, 3, 260.95, 909074, 339
4515, 3, 196, 429, 169, 3, 0.00%, 0, 0, 3, 263.50, 910414, 339
4520, 3, 196, 429, 169, 3, 0.00%, 0, 0, 3, 267.43, 911759, 339
4525, 3, 196, 429, 169, 3, 0.00%, 0, 0, 3, 257.28, 913044, 339
4530, 3, 196, 429, 169, 3, 0.00%, 0, 0, 3, 262.21, 914369, 339
4535, 3, 196, 429, 169, 3, 0.00%, 0, 0, 3, 259.34, 915669, 339
4540, 3, 196, 429, 169, 3, 0.00%, 0, 0, 3, 245.51, 916855, 339
4545, 3, 196, 429, 169, 3, 0.00%, 0, 0, 3, 255.41, 918129, 339
4550, 4, 382, 429, 168, 3, 0.00%, 0, 0, 3, 297.17, 919607, 339
4555, 4, 382, 429, 168, 3, 0.00%, 0, 0, 3, 318.32, 921269, 339
4560, 4, 382, 429, 168, 3, 0.00%, 0, 0, 3, 320.91, 922919, 339
4565, 4, 382, 429, 168, 3, 0.00%, 0, 0, 3, 323.67, 924587, 339
4571, 4, 382, 429, 168, 3, 0.00%, 0, 0, 3, 323.72, 926249, 339
4576, 4, 388, 429, 168, 3, 0.00%, 0, 0, 3, 37.31, 927439, 339
4581, 4, 388, 429, 168, 3, 0.00%, 0, 0, 3, 165.97, 928258, 339
4586, 4, 388, 429, 168, 3, 0.00%, 0, 0, 3, 162.76, 929005, 339
4591, 4, 388, 429, 168, 3, 0.00%, 0, 0, 3, 18.43, 929551, 339
4596, 4, 388, 429, 168, 3, 0.00%, 0, 0, 3, 107.89, 929943, 339
4602, 4, 388, 429, 168, 3, 0.00%, 0, 0, 3, 57.69, 930268, 339
4607, 4, 388, 429, 168, 3, 0.00%, 0, 0, 3, 20.97, 930604, 339
4612, 4, 388, 429, 168, 3, 0.00%, 0, 0, 3, 184.29, 931477, 339
4617, 4, 388, 429, 168, 3, 0.00%, 0, 0, 3, 184.72, 932393, 339
4622, 4, 388, 429, 168, 3, 0.00%, 0, 0, 3, 178.86, 933293, 339
4627, 4, 388, 429, 168, 3, 0.00%, 0, 0, 3, 192.39, 934277, 339
4632, 4, 388, 429, 168, 3, 0.00%, 0, 0, 3, 193.36, 935282, 339
4638, 4, 388, 429, 168, 3, 0.00%, 0, 0, 3, 175.25, 936056, 339
4643, 4, 388, 429, 168, 3, 0.00%, 0, 0, 3, 192.60, 937046, 339
4648, 4, 388, 429, 168, 3, 0.00%, 0, 0, 3, 199.72, 938057, 339
4653, 4, 388, 429, 168, 3, 0.00%, 0, 0, 3, 193.28, 939017, 339
4658, 4, 388, 429, 168, 3, 0.00%, 0, 0, 3, 195.91, 940013, 339
4663, 4, 388, 429, 168, 3, 0.00%, 0, 0, 3, 195.48, 941003, 339
4668, 4, 388, 429, 168, 3, 0.00%, 0, 0, 3, 200.19, 942040, 339
4673, 4, 388, 429, 168, 3, 0.00%, 0, 0, 3, 188.56, 942989, 339
4678, 4, 388, 429, 168, 3, 0.00%, 0, 0, 3, 170.95, 943796, 339
4683, 4, 388, 429, 168, 3, 0.00%, 0, 0, 3, 178.64, 944687, 339
4688, 4, 388, 429, 168, 3, 0.00%, 0, 0, 3, 193.18, 945656, 339
4693, 4, 388, 429, 168, 3, 0.00%, 0, 0, 3, 199.52, 946682, 339
4698, 4, 388, 429, 168, 3, 0.00%, 0, 0, 3, 203.52, 947720, 339
4703, 4, 388, 429, 168, 3, 0.00%, 0, 0, 3, 202.61, 948736, 339
4709, 4, 388, 429, 168, 3, 0.00%, 0, 0, 3, 199.25, 949763, 339
4714, 4, 388, 429, 168, 3, 0.00%, 0, 0, 3, 182.13, 950603, 339
4719, 4, 388, 429, 168, 3, 0.00%, 0, 0, 3, 185.97, 951470, 339
4724, 4, 388, 429, 168, 3, 0.00%, 0, 0, 3, 190.87, 952463, 339
4729, 4, 388, 429, 168, 3, 0.00%, 0, 0, 3, 195.86, 953477, 339
4734, 4, 388, 429, 168, 3, 0.00%, 0, 0, 3, 189.83, 954470, 339
4739, 4, 388, 429, 168, 3, 0.00%, 0, 0, 3, 182.40, 955391, 339
4745, 4, 388, 429, 168, 3, 0.00%, 0, 0, 3, 198.43, 956357, 339
4750, 4, 388, 429, 168, 3, 0.00%, 0, 0, 3, 188.46, 957299, 339
4755, 4, 388, 429, 168, 3, 0.00%, 0, 0, 3, 191.15, 958295, 339
4760, 4, 388, 429, 168, 3, 0.00%, 0, 0, 3, 187.65, 959237, 339
4765, 5, 173, 431, 169, 3, 0.00%, 0, 0, 3, 256.81, 960515, 339
4770, 5, 173, 431, 169, 3, 0.00%, 0, 0, 3, 305.41, 962150, 339
4775, 5, 173, 431, 169, 3, 0.00%, 0, 0, 3, 296.46, 963660, 339
4780, 5, 173, 431, 169, 3, 0.00%, 0, 0, 3, 292.89, 965110, 339
4785, 5, 173, 431, 169, 3, 0.00%, 0, 0, 3, 294.17, 966630, 339
4791, 5, 429, 431, 168, 4, 0.00%, 0, 0, 3, 294.22, 968172, 339
4796, 5, 429, 431, 168, 4, 0.00%, 0, 0, 3, 313.81, 969766, 339
4801, 5, 429, 431, 168, 4, 0.00%, 0, 0, 3, 315.09, 971350, 339
4806, 5, 429, 431, 168, 4, 0.00%, 0, 0, 3, 315.32, 972934, 339
4811, 5, 429, 431, 168, 4, 0.00%, 0, 0, 3, 316.12, 974512, 339
4816, 6, 304, 431, 167, 3, 0.00%, 0, 0, 3, 315.30, 976158, 339
4821, 6, 304, 432, 168, 3, 0.00%, 0, 0, 3, 225.49, 977174, 339
4826, 6, 304, 432, 168, 3, 0.00%, 0, 0, 3, 205.12, 978174, 339
4831, 6, 304, 432, 168, 3, 0.00%, 0, 0, 3, 201.39, 979194, 339
4836, 6, 304, 432, 168, 3, 0.00%, 0, 0, 3, 200.98, 980214, 339
4841, 6, 304, 432, 168, 3, 0.00%, 0, 0, 3, 192.35, 981185, 339
4847, 6, 304, 432, 168, 3, 0.00%, 0, 0, 3, 189.50, 982127, 339
4852, 6, 304, 432, 168, 3, 0.00%, 0, 0, 3, 193.53, 983150, 339
4857, 6, 304, 432, 168, 3, 0.00%, 0, 0, 3, 189.16, 984143, 339
4862, 6, 304, 432, 168, 3, 0.00%, 0, 0, 3, 194.41, 985136, 339
4867, 6, 304, 432, 168, 3, 0.00%, 0, 0, 3, 200.04, 986165, 339
4872, 6, 304, 432, 168, 3, 0.00%, 0, 0, 3, 199.53, 987185, 339
4878, 6, 304, 432, 168, 3, 0.00%, 0, 0, 3, 194.02, 988175, 339
4883, 6, 304, 432, 168, 3, 0.00%, 0, 0, 3, 197.93, 989168, 339
4888, 6, 304, 432, 168, 3, 0.00%, 0, 0, 3, 199.71, 990176, 339
4893, 6, 304, 432, 168, 3, 0.00%, 0, 0, 3, 204.95, 991214, 339
4898, 6, 304, 432, 168, 3, 0.00%, 0, 0, 3, 201.76, 992230, 339
4903, 6, 304, 432, 168, 3, 0.00%, 0, 0, 3, 204.29, 993250, 339
4908, 6, 304, 432, 168, 3, 0.00%, 0, 0, 3, 204.19, 994270, 339
4913, 6, 304, 432, 168, 3, 0.00%, 0, 0, 3, 206.12, 995314, 339
4918, 6, 304, 432, 168, 3, 0.00%, 0, 0, 3, 198.68, 996320, 339
4923, 6, 304, 432, 168, 3, 0.00%, 0, 0, 3, 203.47, 997350, 339
4928, 6, 304, 432, 168, 3, 0.00%, 0, 0, 3, 184.43, 998288, 339
4933, 6, 304, 432, 168, 3, 0.00%, 0, 0, 3, 196.84, 999272, 339
4938, 6, 304, 432, 168, 3, 0.00%, 0, 0, 3, 199.01, 1000286, 339
4944, 6, 304, 432, 168, 3, 0.00%, 0, 0, 3, 199.57, 1001306, 339
4949, 6, 304, 432, 168, 3, 0.00%, 0, 0, 3, 199.28, 1002308, 339
4954, 6, 304, 432, 168, 3, 0.00%, 0, 0, 3, 197.22, 1003295, 339
4959, 6, 304, 432, 168, 3, 0.00%, 0, 0, 3, 200.22, 1004310, 339
4964, 6, 304, 432, 168, 3, 0.00%, 0, 0, 3, 199.96, 1005350, 339
4969, 6, 304, 432, 168, 3, 0.00%, 0, 0, 3, 201.83, 1006370, 339
4974, 6, 304, 432, 168, 3, 0.00%, 0, 0, 3, 204.68, 1007398, 339
4979, 6, 304, 432, 168, 3, 0.00%, 0, 0, 3, 204.47, 1008430, 339
4984, 6, 348, 432, 167, 3, 0.00%, 0, 0, 3, 212.71, 1009518, 339
4990, 6, 348, 432, 167, 3, 0.00%, 0, 0, 3, 228.43, 1010714, 339
4995, 6, 348, 432, 167, 3, 0.00%, 0, 0, 3, 207.54, 1011718, 339
5000, 6, 348, 432, 167, 3, 0.00%, 0, 0, 3, 228.95, 1012870, 339
5005, 6, 348, 432, 167, 3, 0.00%, 0, 0, 3, 233.44, 1014094, 339
5010, 6, 348, 432, 167, 3, 0.00%, 0, 0, 3, 223.60, 1015246, 339
5015, 6, 348, 432, 167, 3, 0.00%, 0, 0, 3, 229.46, 1016402, 339
5020, 6, 348, 432, 167, 3, 0.00%, 0, 0, 3, 223.23, 1017558, 339
5025, 6, 348, 432, 167, 3, 0.00%, 0, 0, 3, 215.13, 1018642, 339
5030, 6, 348, 432, 167, 3, 0.00%, 0, 0, 3, 220.23, 1019762, 339
5036, 6, 348, 432, 167, 3, 0.00%, 0, 0, 3, 222.37, 1020886, 339
5041, 6, 348, 432, 167, 3, 0.00%, 0, 0, 3, 229.42, 1022090, 339
5046, 6, 348, 432, 167, 3, 0.00%, 0, 0, 3, 226.71, 1023274, 339
5051, 6, 348, 432, 167, 3, 0.00%, 0, 0, 3, 211.44, 1024374, 339
5056, 6, 348, 432, 167, 3, 0.00%, 0, 0, 3, 207.37, 1025418, 339
5061, 6, 348, 432, 167, 3, 0.00%, 0, 0, 3, 217.53, 1026554, 339
5066, 6, 348, 432, 167, 3, 0.00%, 0, 0, 3, 212.81, 1027630, 339
5072, 6, 348, 432, 167, 3, 0.00%, 0, 0, 3, 207.74, 1028742, 339
5077, 6, 348, 432, 167, 3, 0.00%, 0, 0, 3, 211.66, 1029806, 339
5082, 6, 348, 432, 167, 3, 0.00%, 0, 0, 3, 225.09, 1030962, 339
5087, 6, 348, 432, 167, 3, 0.00%, 0, 0, 3, 213.92, 1032046, 339
5092, 6, 348, 432, 167, 3, 0.00%, 0, 0, 3, 227.78, 1033254, 339
5097, 6, 348, 432, 167, 3, 0.00%, 0, 0, 3, 203.66, 1034262, 339
5102, 6, 348, 432, 167, 3, 0.00%, 0, 0, 3, 216.50, 1035346, 339
5107, 6, 348, 432, 167, 3, 0.00%, 0, 0, 3, 226.72, 1036538, 339
5112, 6, 348, 432, 167, 3, 0.00%, 0, 0, 3, 226.59, 1037706, 339
5118, 6, 348, 432, 167, 3, 0.00%, 0, 0, 3, 234.02, 1038926, 339
5123, 6, 348, 432, 167, 3, 0.00%, 0, 0, 3, 232.26, 1040134, 339
5128, 6, 348, 432, 167, 3, 0.00%, 0, 0, 3, 222.76, 1041262, 339
5133, 6, 416, 432, 167, 3, 0.00%, 0, 0, 3, 198.03, 1042263, 339
5138, 6, 416, 432, 167, 3, 0.00%, 0, 0, 3, 180.32, 1043148, 339
5143, 6, 416, 432, 167, 3, 0.00%, 0, 0, 3, 180.57, 1044051, 339
5148, 6, 416, 433, 168, 3, 0.00%, 0, 0, 3, 180.36, 1044887, 341
5153, 6, 416, 433, 168, 3, 0.00%, 0, 0, 3, 163.36, 1045724, 341
5158, 6, 416, 433, 168, 3, 0.00%, 0, 0, 3, 138.29, 1046390, 341
5164, 6, 416, 433, 168, 3, 0.00%, 0, 0, 3, 129.86, 1047028, 341
5169, 6, 416, 433, 168, 3, 0.00%, 0, 0, 3, 131.82, 1047678, 341
5174, 6, 416, 433, 168, 3, 0.00%, 0, 0, 3, 126.84, 1048328, 341
5179, 6, 416, 433, 168, 3, 0.00%, 0, 0, 3, 146.82, 1049076, 341
5184, 6, 416, 433, 168, 3, 0.00%, 0, 0, 3, 138.36, 1049778, 341
5189, 6, 416, 433, 168, 3, 0.00%, 0, 0, 3, 154.58, 1050566, 341
5194, 6, 416, 433, 168, 3, 0.00%, 0, 0, 3, 174.43, 1051457, 341
5200, 6, 416, 433, 168, 3, 0.00%, 0, 0, 3, 179.70, 1052393, 341
5205, 6, 416, 433, 168, 3, 0.00%, 0, 0, 3, 178.33, 1053293, 341
5210, 6, 416, 433, 168, 3, 0.00%, 0, 0, 3, 182.13, 1054208, 341
5215, 6, 416, 433, 168, 3, 0.00%, 0, 0, 3, 176.24, 1055087, 341
5220, 6, 416, 433, 168, 3, 0.00%, 0, 0, 3, 181.91, 1056035, 341
5225, 6, 416, 433, 168, 3, 0.00%, 0, 0, 3, 182.59, 1056983, 341
5230, 6, 416, 433, 168, 3, 0.00%, 0, 0, 3, 184.50, 1057937, 341
5235, 6, 416, 433, 168, 3, 0.00%, 0, 0, 3, 182.94, 1058855, 341
5240, 6, 416, 433, 168, 3, 0.00%, 0, 0, 3, 185.20, 1059779, 341
5245, 6, 416, 433, 168, 3, 0.00%, 0, 0, 3, 188.45, 1060754, 341
5251, 6, 416, 433, 168, 3, 0.00%, 0, 0, 3, 185.10, 1061714, 341
5256, 6, 416, 433, 168, 3, 0.00%, 0, 0, 3, 187.68, 1062659, 341
5261, 6, 416, 433, 168, 3, 0.00%, 0, 0, 3, 181.51, 1063604, 341
5266, 6, 416, 433, 168, 3, 0.00%, 0, 0, 3, 182.19, 1064558, 341
5271, 6, 416, 433, 168, 3, 0.00%, 0, 0, 3, 178.97, 1065482, 341
5276, 6, 416, 433, 168, 3, 0.00%, 0, 0, 3, 184.51, 1066415, 341
5281, 6, 416, 433, 168, 3, 0.00%, 0, 0, 3, 174.69, 1067276, 341
5286, 6, 416, 433, 168, 3, 0.00%, 0, 0, 3, 173.16, 1068173, 341
5292, 6, 416, 433, 168, 3, 0.00%, 0, 0, 3, 186.23, 1069148, 341
5297, 6, 416, 433, 168, 3, 0.00%, 0, 0, 3, 190.66, 1070147, 341
5302, 6, 416, 433, 168, 3, 0.00%, 0, 0, 3, 184.65, 1071059, 341
5307, 6, 416, 433, 168, 3, 0.00%, 0, 0, 3, 186.62, 1072040, 341
5312, 6, 416, 433, 168, 3, 0.00%, 0, 0, 3, 192.14, 1073000, 341
5317, 6, 416, 433, 168, 3, 0.00%, 0, 0, 3, 189.51, 1073978, 341
5322, 6, 432, 433, 167, 3, 0.00%, 0, 0, 3, 195.57, 1074976, 341
5327, 6, 432, 433, 167, 3, 0.00%, 0, 0, 3, 200.12, 1075982, 341
5332, 6, 432, 433, 167, 3, 0.00%, 0, 0, 3, 203.07, 1077006, 341
5337, 6, 432, 433, 167, 3, 0.00%, 0, 0, 3, 190.03, 1077928, 341
5343, 6, 432, 433, 167, 3, 0.00%, 0, 0, 3, 198.48, 1078945, 341
5348, 6, 432, 433, 167, 3, 0.00%, 0, 0, 3, 188.70, 1079914, 341
5353, 6, 432, 433, 167, 3, 0.00%, 0, 0, 3, 180.19, 1080817, 341
5358, 6, 432, 433, 167, 3, 0.00%, 0, 0, 3, 198.52, 1081825, 341
5363, 6, 432, 433, 167, 3, 0.00%, 0, 0, 3, 195.36, 1082833, 341
5368, 6, 432, 433, 167, 3, 0.00%, 0, 0, 3, 194.16, 1083835, 341
5374, 6, 432, 433, 167, 3, 0.00%, 0, 0, 3, 197.31, 1084849, 341
5379, 6, 432, 433, 167, 3, 0.00%, 0, 0, 3, 192.96, 1085827, 341
5384, 6, 432, 433, 167, 3, 0.00%, 0, 0, 3, 199.82, 1086870, 341
5388, 6, 433, 433, 167, 3, 0.00%, 0, 0, 3, 193.84, 1087716, 341
