# relative_time, cycles_done, cur_path, paths_total, pending_total, pending_favs, map_size, unique_crashes, unique_hangs, max_depth, execs_per_sec, total_execs, edges_found
61, 0, 309, 382, 166, 24, 0.00%, 0, 0, 2, 179.64, 13531, 297
66, 0, 309, 382, 166, 24, 0.00%, 0, 0, 2, 168.41, 14398, 297
71, 0, 309, 382, 166, 24, 0.00%, 0, 0, 2, 174.20, 15292, 297
77, 0, 309, 382, 166, 24, 0.00%, 0, 0, 2, 171.89, 16186, 297
82, 0, 309, 382, 166, 24, 0.00%, 0, 0, 2, 175.43, 17074, 297
87, 0, 309, 383, 167, 24, 0.00%, 0, 0, 2, 186.10, 18033, 298
92, 0, 309, 383, 167, 24, 0.00%, 0, 0, 2, 172.41, 18891, 298
97, 0, 309, 383, 167, 24, 0.00%, 0, 0, 2, 171.88, 19794, 298
102, 0, 309, 383, 167, 24, 0.00%, 0, 0, 2, 176.22, 20682, 298
107, 0, 309, 384, 168, 24, 0.00%, 0, 0, 2, 172.50, 21572, 299
112, 0, 309, 384, 168, 24, 0.00%, 0, 0, 2, 174.08, 22436, 299
118, 0, 366, 384, 167, 27, 0.00%, 0, 0, 2, 324.35, 24266, 299
123, 0, 366, 384, 167, 27, 0.00%, 0, 0, 2, 361.87, 26209, 299
128, 0, 366, 384, 167, 27, 0.00%, 0, 0, 2, 364.09, 28071, 299
133, 0, 366, 384, 167, 27, 0.00%, 0, 0, 2, 363.33, 29912, 299
138, 0, 366, 384, 167, 27, 0.00%, 0, 0, 2, 313.58, 31472, 299
143, 0, 366, 384, 167, 27, 0.00%, 0, 0, 2, 354.66, 33321, 299
148, 0, 366, 384, 167, 27, 0.00%, 0, 0, 2, 346.08, 35000, 299
153, 0, 366, 384, 167, 27, 0.00%, 0, 0, 2, 322.42, 36512, 299
158, 0, 366, 384, 167, 27, 0.00%, 0, 0, 2, 349.07, 38354, 299
163, 0, 366, 384, 167, 27, 0.00%, 0, 0, 2, 360.77, 40202, 299
168, 0, 371, 384, 166, 26, 0.00%, 0, 0, 2, 352.93, 41950, 299
174, 0, 371, 384, 166, 26, 0.00%, 0, 0, 2, 363.80, 43819, 299
179, 0, 371, 384, 166, 26, 0.00%, 0, 0, 2, 367.33, 45688, 299
184, 0, 371, 384, 166, 26, 0.00%, 0, 0, 2, 359.21, 47487, 299
189, 0, 371, 384, 166, 26, 0.00%, 0, 0, 2, 364.54, 49335, 299
194, 0, 371, 384, 166, 26, 0.00%, 0, 0, 2, 343.70, 51029, 299
199, 0, 371, 384, 166, 26, 0.00%, 0, 0, 2, 332.81, 52679, 299
204, 0, 371, 384, 166, 26, 0.00%, 0, 0, 2, 331.15, 54383, 299
209, 0, 371, 384, 166, 26, 0.00%, 0, 0, 2, 331.82, 56111, 299
214, 0, 371, 384, 166, 26, 0.00%, 0, 0, 2, 336.54, 57791, 299
219, 0, 14, 384, 165, 25, 0.00%, 0, 0, 2, 327.20, 59528, 299
224, 0, 14, 385, 166, 25, 0.00%, 0, 0, 2, 288.81, 60907, 300
230, 0, 14, 385, 166, 25, 0.00%, 0, 0, 2, 273.82, 62302, 300
235, 0, 14, 385, 166, 25, 0.00%, 0, 0, 2, 275.64, 63732, 300
240, 0, 14, 385, 166, 25, 0.00%, 0, 0, 2, 274.11, 65152, 300
245, 0, 14, 385, 166, 25, 0.00%, 0, 0, 2, 274.61, 66582, 300
250, 0, 14, 385, 166, 25, 0.00%, 0, 0, 2, 269.78, 67932, 300
255, 0, 14, 385, 166, 25, 0.00%, 0, 0, 2, 268.93, 69327, 300
260, 0, 14, 385, 166, 25, 0.00%, 0, 0, 2, 272.39, 70737, 300
266, 0, 14, 385, 166, 25, 0.00%, 0, 0, 2, 272.00, 72147, 300
271, 0, 14, 385, 166, 25, 0.00%, 0, 0, 2, 267.48, 73467, 300
276, 0, 14, 385, 166, 25, 0.00%, 0, 0, 2, 267.03, 74852, 300
281, 0, 14, 385, 166, 25, 0.00%, 0, 0, 2, 269.70, 76257, 300
286, 0, 14, 386, 167, 25, 0.00%, 0, 0, 2, 270.88, 77610, 302
291, 0, 188, 386, 166, 25, 0.00%, 0, 0, 2, 323.08, 79286, 302
296, 0, 188, 386, 166, 25, 0.00%, 0, 0, 2, 351.69, 81150, 302
302, 0, 188, 386, 166, 25, 0.00%, 0, 0, 2, 336.30, 82886, 302
307, 0, 188, 386, 166, 25, 0.00%, 0, 0, 2, 336.63, 84590, 302
312, 0, 188, 386, 166, 25, 0.00%, 0, 0, 2, 343.93, 86366, 302
317, 0, 188, 386, 166, 25, 0.00%, 0, 0, 2, 353.15, 88164, 302
322, 0, 188, 387, 167, 25, 0.00%, 0, 0, 2, 354.79, 89957, 303
327, 0, 188, 387, 167, 25, 0.00%, 0, 0, 2, 356.50, 91770, 303
332, 0, 188, 387, 167, 25, 0.00%, 0, 0, 2, 350.73, 93590, 303
337, 0, 188, 387, 167, 25, 0.00%, 0, 0, 2, 329.40, 95146, 303
342, 0, 386, 387, 166, 25, 0.00%, 0, 0, 2, 348.88, 96979, 303
347, 0, 386, 387, 166, 25, 0.00%, 0, 0, 2, 355.51, 98787, 303
353, 0, 386, 387, 166, 25, 0.00%, 0, 0, 2, 361.31, 100642, 303
358, 0, 386, 387, 166, 25, 0.00%, 0, 0, 2, 358.97, 102455, 303
363, 0, 386, 387, 166, 25, 0.00%, 0, 0, 2, 357.86, 104289, 303
368, 0, 386, 387, 166, 25, 0.00%, 0, 0, 2, 358.48, 106102, 303
373, 0, 386, 387, 166, 25, 0.00%, 0, 0, 2, 354.66, 107880, 303
378, 0, 386, 387, 166, 25, 0.00%, 0, 0, 2, 353.57, 109679, 303
383, 0, 386, 387, 166, 25, 0.00%, 0, 0, 2, 355.23, 111471, 303
388, 0, 386, 387, 166, 25, 0.00%, 0, 0, 2, 354.92, 113256, 303
393, 0, 369, 387, 165, 24, 0.00%, 0, 0, 2, 336.11, 115018, 303
398, 0, 369, 387, 165, 24, 0.00%, 0, 0, 2, 332.04, 116692, 303
403, 0, 369, 387, 165, 24, 0.00%, 0, 0, 2, 327.78, 118378, 303
408, 0, 369, 387, 165, 24, 0.00%, 0, 0, 2, 370.21, 120261, 303
413, 0, 369, 387, 165, 24, 0.00%, 0, 0, 2, 348.52, 121984, 303
419, 0, 369, 387, 165, 24, 0.00%, 0, 0, 2, 330.67, 123664, 303
424, 0, 369, 387, 165, 24, 0.00%, 0, 0, 2, 330.23, 125374, 303
429, 0, 369, 387, 165, 24, 0.00%, 0, 0, 2, 326.37, 127042, 303
434, 0, 369, 387, 165, 24, 0.00%, 0, 0, 2, 325.63, 128716, 303
439, 0, 369, 387, 165, 24, 0.00%, 0, 0, 2, 326.49, 130408, 303
444, 0, 369, 387, 165, 24, 0.00%, 0, 0, 2, 321.24, 132064, 303
450, 0, 384, 387, 164, 23, 0.00%, 0, 0, 2, 263.23, 133349, 303
455, 0, 384, 387, 164, 23, 0.00%, 0, 0, 2, 244.24, 134526, 303
460, 0, 384, 387, 164, 23, 0.00%, 0, 0, 2, 266.57, 135937, 303
465, 0, 384, 387, 164, 23, 0.00%, 0, 0, 2, 276.49, 137377, 303
470, 0, 384, 387, 164, 23, 0.00%, 0, 0, 2, 273.06, 138747, 303
475, 0, 384, 387, 164, 23, 0.00%, 0, 0, 2, 271.33, 140152, 303
480, 0, 384, 387, 164, 23, 0.00%, 0, 0, 2, 271.75, 141557, 303
485, 0, 384, 387, 164, 23, 0.00%, 0, 0, 2, 273.17, 142922, 303
491, 0, 384, 387, 164, 23, 0.00%, 0, 0, 2, 267.17, 144302, 303
496, 0, 384, 387, 164, 23, 0.00%, 0, 0, 2, 256.59, 145577, 303
501, 0, 384, 387, 164, 23, 0.00%, 0, 0, 2, 265.70, 146938, 303
506, 0, 384, 387, 164, 23, 0.00%, 0, 0, 2, 261.19, 148238, 303
511, 0, 384, 387, 164, 23, 0.00%, 0, 0, 2, 252.74, 149553, 303
516, 0, 384, 387, 164, 23, 0.00%, 0, 0, 2, 234.59, 150723, 303
521, 0, 149, 388, 164, 22, 0.00%, 0, 0, 2, 270.42, 152101, 305
526, 0, 149, 388, 164, 22, 0.00%, 0, 0, 2, 361.39, 153950, 305
531, 0, 149, 388, 164, 22, 0.00%, 0, 0, 2, 412.16, 156129, 305
536, 0, 149, 388, 164, 22, 0.00%, 0, 0, 2, 408.04, 158185, 305
541, 0, 149, 388, 164, 22, 0.00%, 0, 0, 2, 345.89, 159861, 305
547, 0, 149, 388, 164, 22, 0.00%, 0, 0, 2, 304.93, 161421, 305
552, 0, 149, 388, 164, 22, 0.00%, 0, 0, 2, 315.26, 162975, 305
557, 0, 149, 388, 164, 22, 0.00%, 0, 0, 2, 311.84, 164547, 305
562, 0, 149, 388, 164, 22, 0.00%, 0, 0, 2, 265.23, 165832, 305
567, 0, 149, 388, 164, 22, 0.00%, 0, 0, 2, 262.08, 167177, 305
572, 0, 149, 388, 164, 22, 0.00%, 0, 0, 2, 307.51, 168759, 305
577, 0, 372, 388, 163, 22, 0.00%, 0, 0, 2, 310.20, 170412, 305
582, 0, 372, 388, 163, 22, 0.00%, 0, 0, 2, 324.69, 172056, 305
587, 0, 372, 388, 163, 22, 0.00%, 0, 0, 2, 331.10, 173748, 305
592, 0, 372, 388, 163, 22, 0.00%, 0, 0, 2, 329.32, 175404, 305
597, 0, 372, 388, 163, 22, 0.00%, 0, 0, 2, 332.83, 177096, 305
602, 0, 372, 388, 163, 22, 0.00%, 0, 0, 2, 332.90, 178800, 305
607, 0, 372, 388, 163, 22, 0.00%, 0, 0, 2, 344.43, 180516, 305
613, 0, 372, 388, 163, 22, 0.00%, 0, 0, 2, 348.88, 182340, 305
618, 0, 372, 388, 163, 22, 0.00%, 0, 0, 2, 327.44, 184002, 305
623, 0, 372, 388, 163, 22, 0.00%, 0, 0, 2, 317.82, 185598, 305
628, 0, 372, 388, 163, 22, 0.00%, 0, 0, 2, 297.35, 187083, 305
633, 0, 335, 389, 163, 21, 0.00%, 0, 0, 2, 328.94, 188779, 305
638, 0, 335, 391, 165, 21, 0.00%, 0, 0, 2, 228.88, 189762, 306
643, 0, 335, 391, 165, 21, 0.00%, 0, 0, 2, 200.88, 190742, 306
648, 0, 335, 391, 165, 21, 0.00%, 0, 0, 2, 198.54, 191761, 306
653, 0, 335, 391, 165, 21, 0.00%, 0, 0, 2, 200.65, 192770, 306
658, 0, 335, 391, 165, 21, 0.00%, 0, 0, 2, 195.87, 193762, 306
664, 0, 335, 391, 165, 21, 0.00%, 0, 0, 2, 176.82, 194590, 306
669, 0, 335, 391, 165, 21, 0.00%, 0, 0, 2, 192.10, 195592, 306
674, 0, 335, 391, 165, 21, 0.00%, 0, 0, 2, 188.01, 196543, 306
679, 0, 335, 391, 165, 21, 0.00%, 0, 0, 2, 175.80, 197404, 306
684, 0, 335, 391, 165, 21, 0.00%, 0, 0, 2, 188.32, 198424, 306
689, 0, 335, 391, 165, 21, 0.00%, 0, 0, 2, 200.02, 199474, 306
694, 0, 335, 391, 165, 21, 0.00%, 0, 0, 2, 202.30, 200510, 306
699, 0, 335, 391, 165, 21, 0.00%, 0, 0, 2, 203.49, 201534, 306
704, 0, 335, 391, 165, 21, 0.00%, 0, 0, 2, 206.70, 202590, 306
710, 0, 335, 391, 165, 21, 0.00%, 0, 0, 2, 183.58, 203509, 306
715, 0, 335, 391, 165, 21, 0.00%, 0, 0, 2, 184.77, 204463, 306
720, 0, 335, 391, 165, 21, 0.00%, 0, 0, 2, 199.33, 205510, 306
725, 0, 335, 391, 165, 21, 0.00%, 0, 0, 2, 204.92, 206530, 306
730, 0, 335, 391, 165, 21, 0.00%, 0, 0, 2, 202.36, 207574, 306
735, 0, 335, 391, 165, 21, 0.00%, 0, 0, 2, 198.57, 208573, 306
740, 0, 335, 392, 166, 21, 0.00%, 0, 0, 2, 199.25, 209562, 307
745, 0, 335, 392, 166, 21, 0.00%, 0, 0, 2, 198.77, 210573, 307
750, 0, 335, 392, 166, 21, 0.00%, 0, 0, 2, 205.62, 211650, 307
755, 0, 335, 392, 166, 21, 0.00%, 0, 0, 2, 217.39, 212706, 307
761, 0, 335, 392, 166, 21, 0.00%, 0, 0, 2, 240.59, 213994, 307
766, 0, 335, 392, 166, 21, 0.00%, 0, 0, 2, 245.13, 215242, 307
771, 0, 335, 392, 166, 21, 0.00%, 0, 0, 2, 201.54, 216405, 307
776, 0, 335, 392, 166, 21, 0.00%, 0, 0, 2, 208.11, 217402, 307
781, 0, 335, 392, 166, 21, 0.00%, 0, 0, 2, 221.22, 218530, 307
786, 0, 335, 392, 166, 21, 0.00%, 0, 0, 2, 222.26, 219602, 307
791, 0, 335, 392, 166, 21, 0.00%, 0, 0, 2, 238.67, 220814, 307
796, 0, 385, 392, 165, 22, 0.00%, 0, 0, 2, 305.68, 222322, 307
801, 0, 385, 392, 165, 22, 0.00%, 0, 0, 2, 383.03, 224398, 307
806, 0, 385, 393, 166, 22, 0.00%, 0, 0, 3, 267.21, 225600, 312
811, 0, 385, 393, 166, 22, 0.00%, 0, 0, 3, 243.02, 226827, 312
816, 0, 385, 393, 166, 22, 0.00%, 0, 0, 3, 238.34, 228031, 312
822, 0, 385, 393, 166, 22, 0.00%, 0, 0, 3, 227.01, 229207, 312
827, 0, 392, 393, 165, 22, 0.00%, 0, 0, 3, 222.93, 230335, 312
832, 0, 392, 394, 166, 22, 0.00%, 0, 0, 4, 319.39, 231955, 313
837, 0, 392, 394, 166, 22, 0.00%, 0, 0, 4, 391.91, 234068, 313
842, 0, 392, 394, 166, 22, 0.00%, 0, 0, 4, 395.60, 236091, 313
847, 0, 391, 394, 165, 22, 0.00%, 0, 0, 4, 402.81, 238169, 313
852, 0, 391, 395, 166, 22, 0.00%, 0, 0, 4, 274.88, 239418, 314
857, 0, 391, 395, 166, 22, 0.00%, 0, 0, 4, 250.41, 240637, 314
863, 0, 391, 395, 166, 22, 0.00%, 0, 0, 4, 219.94, 241741, 314
868, 0, 391, 395, 166, 22, 0.00%, 0, 0, 4, 205.83, 242757, 314
873, 0, 391, 395, 166, 22, 0.00%, 0, 0, 4, 199.70, 243753, 314
878, 0, 391, 395, 166, 22, 0.00%, 0, 0, 4, 205.87, 244785, 314
883, 0, 391, 395, 166, 22, 0.00%, 0, 0, 4, 200.79, 245785, 314
888, 0, 391, 395, 166, 22, 0.00%, 0, 0, 4, 198.60, 246801, 314
893, 0, 391, 395, 166, 22, 0.00%, 0, 0, 4, 196.91, 247773, 314
898, 0, 391, 395, 166, 22, 0.00%, 0, 0, 4, 192.46, 248742, 314
903, 0, 391, 395, 166, 22, 0.00%, 0, 0, 4, 41.53, 249713, 314
908, 0, 391, 395, 166, 22, 0.00%, 0, 0, 4, 158.03, 250683, 314
913, 0, 391, 395, 166, 22, 0.00%, 0, 0, 4, 166.65, 251547, 314
918, 0, 391, 395, 166, 22, 0.00%, 0, 0, 4, 187.13, 252543, 314
924, 0, 391, 395, 166, 22, 0.00%, 0, 0, 4, 194.52, 253560, 314
929, 0, 391, 395, 166, 22, 0.00%, 0, 0, 4, 193.36, 254562, 314
934, 0, 391, 395, 166, 22, 0.00%, 0, 0, 4, 193.52, 255573, 314
939, 0, 391, 395, 166, 22, 0.00%, 0, 0, 4, 188.47, 256554, 314
944, 0, 391, 396, 167, 22, 0.00%, 0, 0, 4, 190.94, 257510, 315
949, 0, 391, 396, 167, 22, 0.00%, 0, 0, 4, 191.10, 258488, 315
954, 0, 391, 396, 167, 22, 0.00%, 0, 0, 4, 186.75, 259457, 315
959, 0, 391, 396, 167, 22, 0.00%, 0, 0, 4, 166.18, 260318, 315
965, 0, 391, 396, 167, 22, 0.00%, 0, 0, 4, 194.99, 261350, 315
970, 0, 391, 396, 167, 22, 0.00%, 0, 0, 4, 201.49, 262413, 315
975, 0, 391, 396, 167, 22, 0.00%, 0, 0, 4, 196.97, 263321, 315
980, 0, 391, 396, 167, 22, 0.00%, 0, 0, 4, 198.16, 264350, 315
985, 0, 391, 396, 167, 22, 0.00%, 0, 0, 4, 199.46, 265385, 315
990, 0, 391, 396, 167, 22, 0.00%, 0, 0, 4, 196.73, 266414, 315
996, 0, 391, 396, 167, 22, 0.00%, 0, 0, 4, 198.63, 267443, 315
1001, 0, 391, 396, 167, 22, 0.00%, 0, 0, 4, 200.45, 268445, 315
1006, 0, 391, 396, 167, 22, 0.00%, 0, 0, 4, 195.26, 269435, 315
1011, 0, 391, 396, 167, 22, 0.00%, 0, 0, 4, 192.65, 270377, 315
1016, 0, 386, 396, 166, 22, 0.00%, 0, 0, 4, 229.32, 271445, 315
1021, 0, 386, 396, 166, 22, 0.00%, 0, 0, 4, 287.54, 272976, 315
1026, 0, 386, 396, 166, 22, 0.00%, 0, 0, 4, 302.00, 274519, 315
1031, 0, 386, 396, 166, 22, 0.00%, 0, 0, 4, 305.09, 276091, 315
1036, 0, 386, 396, 166, 22, 0.00%, 0, 0, 4, 307.51, 277675, 315
1041, 0, 378, 396, 166, 22, 0.00%, 0, 0, 4, 293.18, 279198, 315
1046, 0, 378, 396, 166, 22, 0.00%, 0, 0, 4, 209.57, 280151, 315
1051, 0, 378, 396, 166, 22, 0.00%, 0, 0, 4, 196.36, 281119, 315
1056, 0, 378, 396, 166, 22, 0.00%, 0, 0, 4, 197.25, 282112, 315
1062, 0, 378, 396, 166, 22, 0.00%, 0, 0, 4, 194.15, 283117, 315
1067, 0, 378, 396, 166, 22, 0.00%, 0, 0, 4, 192.21, 284080, 315
1072, 0, 378, 396, 166, 22, 0.00%, 0, 0, 4, 192.74, 285079, 315
1077, 0, 378, 396, 166, 22, 0.00%, 0, 0, 4, 193.49, 286069, 315
1082, 0, 378, 396, 166, 22, 0.00%, 0, 0, 4, 195.17, 287083, 315
1087, 0, 378, 396, 166, 22, 0.00%, 0, 0, 4, 191.57, 288076, 315
1092, 0, 378, 396, 166, 22, 0.00%, 0, 0, 4, 193.02, 289048, 315
1098, 0, 378, 396, 166, 22, 0.00%, 0, 0, 4, 192.55, 290041, 315
1103, 0, 378, 396, 166, 22, 0.00%, 0, 0, 4, 191.10, 291019, 315
1108, 0, 378, 396, 166, 22, 0.00%, 0, 0, 4, 193.77, 292030, 315
1113, 0, 378, 396, 166, 22, 0.00%, 0, 0, 4, 190.90, 293017, 315
1118, 0, 378, 396, 166, 22, 0.00%, 0, 0, 4, 188.44, 293995, 315
1123, 0, 378, 396, 166, 22, 0.00%, 0, 0, 4, 191.97, 294991, 315
1129, 0, 378, 396, 166, 22, 0.00%, 0, 0, 4, 194.85, 296011, 315
1134, 0, 378, 396, 166, 22, 0.00%, 0, 0, 4, 180.57, 296956, 315
1139, 0, 378, 396, 166, 22, 0.00%, 0, 0, 4, 159.78, 297769, 315
1144, 0, 378, 396, 166, 22, 0.00%, 0, 0, 4, 157.46, 298522, 315
1149, 0, 378, 396, 166, 22, 0.00%, 0, 0, 4, 184.65, 299521, 315
1154, 0, 378, 396, 166, 22, 0.00%, 0, 0, 4, 178.41, 300412, 315
1159, 0, 378, 396, 166, 22, 0.00%, 0, 0, 4, 186.29, 301264, 315
1165, 0, 378, 396, 166, 22, 0.00%, 0, 0, 4, 192.52, 302266, 315
1170, 0, 378, 396, 166, 22, 0.00%, 0, 0, 4, 191.23, 303262, 315
1175, 0, 378, 396, 166, 22, 0.00%, 0, 0, 4, 190.17, 304213, 315
1180, 0, 378, 396, 166, 22, 0.00%, 0, 0, 4, 185.18, 305146, 315
1185, 0, 378, 396, 166, 22, 0.00%, 0, 0, 4, 180.61, 305924, 315
1190, 0, 378, 396, 166, 22, 0.00%, 0, 0, 4, 190.22, 306914, 315
1195, 0, 378, 396, 166, 22, 0.00%, 0, 0, 4, 186.37, 307841, 315
1200, 0, 378, 396, 166, 22, 0.00%, 0, 0, 4, 189.80, 308831, 315
1205, 0, 378, 396, 166, 22, 0.00%, 0, 0, 4, 191.98, 309833, 315
1211, 0, 378, 396, 166, 22, 0.00%, 0, 0, 4, 193.35, 310835, 315
1216, 0, 378, 396, 166, 22, 0.00%, 0, 0, 4, 189.54, 311798, 315
1221, 0, 394, 396, 165, 21, 0.00%, 0, 0, 4, 209.20, 312894, 315
1226, 0, 394, 396, 165, 21, 0.00%, 0, 0, 4, 183.74, 313814, 315
1231, 0, 394, 396, 165, 21, 0.00%, 0, 0, 4, 199.90, 314828, 315
1236, 0, 394, 396, 165, 21, 0.00%, 0, 0, 4, 212.44, 315910, 315
1241, 0, 394, 396, 165, 21, 0.00%, 0, 0, 4, 186.41, 316844, 315
1246, 0, 394, 396, 165, 21, 0.00%, 0, 0, 4, 184.35, 317762, 315
1251, 0, 394, 396, 165, 21, 0.00%, 0, 0, 4, 188.45, 318782, 315
1257, 0, 394, 396, 165, 21, 0.00%, 0, 0, 4, 188.20, 319751, 315
1262, 0, 394, 396, 165, 21, 0.00%, 0, 0, 4, 205.53, 320822, 315
1267, 0, 394, 396, 165, 21, 0.00%, 0, 0, 4, 201.53, 321766, 315
1272, 0, 394, 396, 165, 21, 0.00%, 0, 0, 4, 203.47, 322814, 315
1277, 0, 394, 396, 165, 21, 0.00%, 0, 0, 4, 184.49, 323762, 315
1282, 0, 394, 396, 165, 21, 0.00%, 0, 0, 4, 175.34, 324611, 315
1287, 0, 394, 396, 165, 21, 0.00%, 0, 0, 4, 179.32, 325508, 315
1292, 0, 394, 396, 165, 21, 0.00%, 0, 0, 4, 199.65, 326525, 315
1297, 0, 394, 396, 165, 21, 0.00%, 0, 0, 4, 211.04, 327594, 315
1302, 0, 394, 396, 165, 21, 0.00%, 0, 0, 4, 213.33, 328674, 315
1308, 0, 394, 396, 165, 21, 0.00%, 0, 0, 4, 218.21, 329810, 315
1313, 0, 394, 396, 165, 21, 0.00%, 0, 0, 4, 220.48, 330946, 315
1318, 0, 394, 396, 165, 21, 0.00%, 0, 0, 4, 213.09, 332050, 315
1323, 0, 394, 396, 165, 21, 0.00%, 0, 0, 4, 207.51, 333106, 315
1328, 0, 394, 396, 165, 21, 0.00%, 0, 0, 4, 209.67, 334162, 315
1333, 0, 394, 396, 165, 21, 0.00%, 0, 0, 4, 217.05, 335262, 315
1338, 0, 394, 396, 165, 21, 0.00%, 0, 0, 4, 216.78, 336354, 315
1343, 0, 394, 396, 165, 21, 0.00%, 0, 0, 4, 214.22, 337434, 315
1348, 0, 394, 396, 165, 21, 0.00%, 0, 0, 4, 212.99, 338506, 315
1353, 0, 394, 396, 165, 21, 0.00%, 0, 0, 4, 210.64, 339570, 315
1358, 0, 394, 396, 165, 21, 0.00%, 0, 0, 4, 207.36, 340626, 315
1363, 0, 394, 396, 165, 21, 0.00%, 0, 0, 4, 189.66, 341567, 315
1368, 0, 394, 396, 165, 21, 0.00%, 0, 0, 4, 195.93, 342605, 315
1374, 0, 394, 396, 165, 21, 0.00%, 0, 0, 4, 204.79, 343670, 315
1379, 0, 378, 396, 164, 20, 0.00%, 0, 0, 4, 209.08, 344778, 315
1384, 0, 378, 396, 164, 20, 0.00%, 0, 0, 4, 199.34, 345799, 315
1389, 0, 378, 396, 164, 20, 0.00%, 0, 0, 4, 193.76, 346801, 315
1394, 0, 378, 396, 164, 20, 0.00%, 0, 0, 4, 194.92, 347812, 315
1400, 0, 378, 396, 164, 20, 0.00%, 0, 0, 4, 192.29, 348802, 315
1405, 0, 378, 396, 164, 20, 0.00%, 0, 0, 4, 188.67, 349741, 315
1410, 0, 378, 396, 164, 20, 0.00%, 0, 0, 4, 174.25, 350623, 315
1415, 0, 378, 396, 164, 20, 0.00%, 0, 0, 4, 166.47, 351427, 315
1420, 0, 378, 396, 164, 20, 0.00%, 0, 0, 4, 176.89, 352336, 315
1425, 0, 378, 396, 164, 20, 0.00%, 0, 0, 4, 183.39, 353254, 315
1430, 0, 378, 396, 164, 20, 0.00%, 0, 0, 4, 186.97, 354202, 315
1435, 0, 378, 396, 164, 20, 0.00%, 0, 0, 4, 170.73, 355093, 315
1440, 0, 378, 396, 164, 20, 0.00%, 0, 0, 4, 180.76, 356014, 315
1445, 0, 378, 396, 164, 20, 0.00%, 0, 0, 4, 191.00, 356980, 315
1450, 0, 378, 396, 164, 20, 0.00%, 0, 0, 4, 195.13, 357997, 315
1456, 0, 378, 396, 164, 20, 0.00%, 0, 0, 4, 177.11, 358897, 315
1461, 0, 378, 396, 164, 20, 0.00%, 0, 0, 4, 171.15, 359668, 315
1466, 0, 378, 396, 164, 20, 0.00%, 0, 0, 4, 177.48, 360565, 315
1471, 0, 378, 396, 164, 20, 0.00%, 0, 0, 4, 177.42, 361468, 315
1476, 0, 378, 396, 164, 20, 0.00%, 0, 0, 4, 182.17, 362395, 315
1481, 0, 378, 396, 164, 20, 0.00%, 0, 0, 4, 191.13, 363298, 315
1486, 0, 378, 396, 164, 20, 0.00%, 0, 0, 4, 157.70, 363907, 315
1491, 0, 378, 397, 165, 20, 0.00%, 0, 0, 4, 170.49, 364740, 316
1496, 0, 378, 397, 165, 20, 0.00%, 0, 0, 4, 183.44, 365667, 316
1501, 0, 378, 397, 165, 20, 0.00%, 0, 0, 4, 183.39, 366576, 316
1506, 0, 378, 397, 165, 20, 0.00%, 0, 0, 4, 186.50, 367434, 316
1511, 0, 378, 397, 165, 20, 0.00%, 0, 0, 4, 180.11, 368364, 316
1517, 0, 378, 397, 165, 20, 0.00%, 0, 0, 4, 178.22, 369255, 316
1522, 0, 378, 397, 165, 20, 0.00%, 0, 0, 4, 185.12, 370188, 316
1527, 0, 378, 397, 165, 20, 0.00%, 0, 0, 4, 190.33, 371181, 316
1532, 0, 378, 397, 165, 20, 0.00%, 0, 0, 4, 169.52, 372003, 316
1537, 0, 378, 397, 165, 20, 0.00%, 0, 0, 4, 182.72, 372885, 316
1542, 0, 378, 397, 165, 20, 0.00%, 0, 0, 4, 189.72, 373866, 316
1547, 0, 378, 397, 165, 20, 0.00%, 0, 0, 4, 190.35, 374856, 316
1553, 0, 378, 397, 165, 20, 0.00%, 0, 0, 4, 191.94, 375849, 316
1558, 0, 378, 397, 165, 20, 0.00%, 0, 0, 4, 190.16, 376794, 316
1563, 0, 374, 397, 165, 20, 0.00%, 0, 0, 4, 190.26, 377776, 316
1568, 0, 374, 397, 165, 20, 0.00%, 0, 0, 4, 196.28, 378793, 316
1573, 0, 374, 397, 165, 20, 0.00%, 0, 0, 4, 198.08, 379822, 316
1578, 0, 374, 397, 165, 20, 0.00%, 0, 0, 4, 181.10, 380734, 316
1583, 0, 374, 397, 165, 20, 0.00%, 0, 0, 4, 182.60, 381649, 316
1588, 0, 374, 397, 165, 20, 0.00%, 0, 0, 4, 188.98, 382645, 316
1594, 0, 374, 397, 165, 20, 0.00%, 0, 0, 4, 186.02, 383611, 316
1599, 0, 374, 397, 165, 20, 0.00%, 0, 0, 4, 188.68, 384574, 316
1604, 0, 374, 397, 165, 20, 0.00%, 0, 0, 4, 189.56, 385567, 316
1609, 0, 374, 397, 165, 20, 0.00%, 0, 0, 4, 188.84, 386551, 316
1614, 0, 374, 397, 165, 20, 0.00%, 0, 0, 4, 190.73, 387550, 316
1619, 0, 374, 398, 166, 20, 0.00%, 0, 0, 4, 192.12, 388545, 317
1624, 0, 374, 398, 166, 20, 0.00%, 0, 0, 4, 189.87, 389490, 317
1630, 0, 374, 398, 166, 20, 0.00%, 0, 0, 4, 188.71, 390438, 317
1635, 0, 374, 398, 166, 20, 0.00%, 0, 0, 4, 191.45, 391404, 317
1640, 0, 374, 398, 166, 20, 0.00%, 0, 0, 4, 187.61, 392340, 317
1645, 0, 374, 398, 166, 20, 0.00%, 0, 0, 4, 186.98, 393315, 317
1650, 0, 374, 398, 166, 20, 0.00%, 0, 0, 4, 191.18, 394317, 317
1655, 0, 374, 398, 166, 20, 0.00%, 0, 0, 4, 192.66, 395289, 317
1660, 0, 374, 398, 166, 20, 0.00%, 0, 0, 4, 195.06, 396270, 317
1665, 0, 374, 398, 166, 20, 0.00%, 0, 0, 4, 193.15, 397278, 317
1670, 0, 374, 398, 166, 20, 0.00%, 0, 0, 4, 193.27, 398277, 317
1675, 0, 374, 398, 166, 20, 0.00%, 0, 0, 4, 184.36, 399186, 317
1680, 0, 374, 398, 166, 20, 0.00%, 0, 0, 4, 185.75, 400119, 317
1686, 0, 374, 398, 166, 20, 0.00%, 0, 0, 4, 186.84, 401091, 317
1691, 0, 374, 399, 167, 20, 0.00%, 0, 0, 4, 181.90, 402041, 318
1696, 0, 374, 399, 167, 20, 0.00%, 0, 0, 4, 182.90, 402953, 318
1701, 0, 374, 399, 167, 20, 0.00%, 0, 0, 4, 189.76, 403940, 318
1706, 0, 374, 399, 167, 20, 0.00%, 0, 0, 4, 189.56, 404894, 318
1711, 0, 374, 399, 167, 20, 0.00%, 0, 0, 4, 190.59, 405881, 318
1716, 0, 374, 399, 167, 20, 0.00%, 0, 0, 4, 190.49, 406829, 318
1721, 0, 374, 399, 167, 20, 0.00%, 0, 0, 4, 192.45, 407834, 318
1726, 0, 374, 399, 167, 20, 0.00%, 0, 0, 4, 194.35, 408839, 318
1732, 0, 374, 399, 167, 20, 0.00%, 0, 0, 4, 190.95, 409796, 318
1737, 0, 389, 399, 166, 19, 0.00%, 0, 0, 4, 188.01, 410771, 318
1742, 0, 389, 399, 166, 19, 0.00%, 0, 0, 4, 187.52, 411716, 318
1747, 0, 389, 399, 166, 19, 0.00%, 0, 0, 4, 197.13, 412706, 318
1752, 0, 389, 399, 166, 19, 0.00%, 0, 0, 4, 192.83, 413705, 318
1757, 0, 389, 399, 166, 19, 0.00%, 0, 0, 4, 201.65, 414730, 318
1762, 0, 389, 399, 166, 19, 0.00%, 0, 0, 4, 200.66, 415726, 318
1767, 0, 389, 399, 166, 19, 0.00%, 0, 0, 4, 197.28, 416758, 318
1772, 0, 389, 399, 166, 19, 0.00%, 0, 0, 4, 204.22, 417794, 318
1777, 0, 389, 399, 166, 19, 0.00%, 0, 0, 4, 197.53, 418742, 318
1782, 0, 389, 399, 166, 19, 0.00%, 0, 0, 4, 209.55, 419798, 318
1787, 0, 389, 399, 166, 19, 0.00%, 0, 0, 4, 209.79, 420850, 318
1793, 0, 389, 399, 166, 19, 0.00%, 0, 0, 4, 208.84, 421898, 318
1798, 0, 389, 399, 166, 19, 0.00%, 0, 0, 4, 209.26, 422942, 318
1803, 0, 389, 399, 166, 19, 0.00%, 0, 0, 4, 209.32, 423998, 318
1808, 0, 389, 399, 166, 19, 0.00%, 0, 0, 4, 196.98, 424973, 318
1813, 0, 389, 399, 166, 19, 0.00%, 0, 0, 4, 187.42, 425927, 318
1818, 0, 389, 399, 166, 19, 0.00%, 0, 0, 4, 187.30, 426845, 318
1823, 0, 389, 399, 166, 19, 0.00%, 0, 0, 4, 194.42, 427844, 318
1828, 0, 389, 399, 166, 19, 0.00%, 0, 0, 4, 189.87, 428837, 318
1833, 0, 389, 399, 166, 19, 0.00%, 0, 0, 4, 192.67, 429779, 318
1838, 0, 389, 399, 166, 19, 0.00%, 0, 0, 4, 204.51, 430818, 318
1843, 0, 389, 399, 166, 19, 0.00%, 0, 0, 4, 201.88, 431834, 318
1848, 0, 389, 399, 166, 19, 0.00%, 0, 0, 4, 199.70, 432878, 318
1854, 0, 389, 399, 166, 19, 0.00%, 0, 0, 4, 197.36, 433907, 318
1859, 0, 389, 399, 166, 19, 0.00%, 0, 0, 4, 199.09, 434930, 318
1864, 0, 389, 399, 166, 19, 0.00%, 0, 0, 4, 203.86, 436002, 318
1869, 0, 389, 399, 166, 19, 0.00%, 0, 0, 4, 204.89, 437030, 318
1874, 0, 389, 399, 166, 19, 0.00%, 0, 0, 4, 188.78, 437969, 318
1879, 0, 389, 399, 166, 19, 0.00%, 0, 0, 4, 197.67, 438906, 318
1885, 0, 389, 399, 166, 19, 0.00%, 0, 0, 4, 201.62, 439938, 318
1890, 0, 389, 399, 166, 19, 0.00%, 0, 0, 4, 209.30, 441030, 318
1895, 0, 389, 399, 166, 19, 0.00%, 0, 0, 4, 208.98, 442082, 318
1900, 0, 393, 399, 165, 18, 0.00%, 0, 0, 4, 236.03, 443232, 318
1905, 0, 393, 399, 165, 18, 0.00%, 0, 0, 4, 308.87, 444944, 318
1910, 0, 393, 399, 165, 18, 0.00%, 0, 0, 4, 325.44, 446576, 318
1915, 0, 393, 399, 165, 18, 0.00%, 0, 0, 4, 333.76, 448286, 318
1920, 0, 393, 399, 165, 18, 0.00%, 0, 0, 4, 336.12, 449996, 318
1925, 0, 361, 399, 164, 17, 0.00%, 0, 0, 4, 293.81, 451535, 318
1930, 0, 361, 399, 164, 17, 0.00%, 0, 0, 4, 246.16, 452727, 318
1935, 0, 361, 399, 164, 17, 0.00%, 0, 0, 4, 226.29, 453867, 318
1941, 0, 361, 399, 164, 17, 0.00%, 0, 0, 4, 198.33, 454851, 318
1946, 0, 361, 399, 164, 17, 0.00%, 0, 0, 4, 220.31, 455967, 318
1951, 0, 361, 399, 164, 17, 0.00%, 0, 0, 4, 228.95, 457151, 318
1956, 0, 361, 399, 164, 17, 0.00%, 0, 0, 4, 236.38, 458383, 318
1961, 0, 361, 399, 164, 17, 0.00%, 0, 0, 4, 238.35, 459619, 318
1966, 0, 361, 399, 164, 17, 0.00%, 0, 0, 4, 239.89, 460831, 318
1971, 0, 361, 399, 164, 17, 0.00%, 0, 0, 4, 240.88, 462075, 318
1977, 0, 361, 399, 164, 17, 0.00%, 0, 0, 4, 238.20, 463315, 318
1982, 0, 361, 399, 164, 17, 0.00%, 0, 0, 4, 227.94, 464455, 318
1987, 0, 361, 399, 164, 17, 0.00%, 0, 0, 4, 211.44, 465459, 318
1992, 0, 361, 399, 164, 17, 0.00%, 0, 0, 4, 224.98, 466587, 318
1997, 0, 361, 399, 164, 17, 0.00%, 0, 0, 4, 216.09, 467703, 318
2002, 0, 361, 399, 164, 17, 0.00%, 0, 0, 4, 162.95, 468576, 318
2007, 0, 361, 399, 164, 17, 0.00%, 0, 0, 4, 222.24, 469755, 318
2012, 0, 361, 399, 164, 17, 0.00%, 0, 0, 4, 237.00, 470955, 318
2017, 0, 361, 399, 164, 17, 0.00%, 0, 0, 4, 222.64, 472075, 318
2022, 0, 361, 399, 164, 17, 0.00%, 0, 0, 4, 229.48, 473215, 318
2027, 0, 361, 399, 164, 17, 0.00%, 0, 0, 4, 238.63, 474455, 318
2033, 0, 361, 399, 164, 17, 0.00%, 0, 0, 4, 233.46, 475675, 318
2038, 0, 361, 399, 164, 17, 0.00%, 0, 0, 4, 215.01, 476743, 318
2043, 0, 361, 399, 164, 17, 0.00%, 0, 0, 4, 230.27, 477947, 318
2048, 0, 361, 399, 164, 17, 0.00%, 0, 0, 4, 225.40, 479071, 318
2053, 0, 361, 399, 164, 17, 0.00%, 0, 0, 4, 224.27, 480207, 318
2058, 0, 361, 399, 164, 17, 0.00%, 0, 0, 4, 226.63, 481343, 318
2063, 0, 361, 399, 164, 17, 0.00%, 0, 0, 4, 229.03, 482503, 318
2068, 0, 361, 399, 164, 17, 0.00%, 0, 0, 4, 228.63, 483675, 318
2074, 0, 387, 399, 163, 16, 0.00%, 0, 0, 4, 291.72, 485201, 318
2079, 0, 387, 399, 163, 16, 0.00%, 0, 0, 4, 318.99, 486870, 318
2084, 0, 387, 399, 163, 16, 0.00%, 0, 0, 4, 323.91, 488538, 318
2089, 0, 387, 399, 163, 16, 0.00%, 0, 0, 4, 326.60, 490230, 318
2094, 0, 387, 399, 163, 16, 0.00%, 0, 0, 4, 320.18, 491886, 318
2099, 0, 398, 400, 163, 15, 0.00%, 0, 0, 4, 228.13, 492970, 319
2104, 0, 398, 400, 163, 15, 0.00%, 0, 0, 4, 196.85, 493923, 319
2109, 0, 398, 400, 163, 15, 0.00%, 0, 0, 4, 193.20, 494880, 319
2115, 0, 398, 400, 163, 15, 0.00%, 0, 0, 4, 186.25, 495852, 319
2120, 0, 398, 400, 163, 15, 0.00%, 0, 0, 4, 186.18, 496758, 319
2125, 0, 398, 400, 163, 15, 0.00%, 0, 0, 4, 195.32, 497787, 319
2130, 0, 398, 400, 163, 15, 0.00%, 0, 0, 4, 197.70, 498816, 319
2135, 0, 398, 400, 163, 15, 0.00%, 0, 0, 4, 191.07, 499806, 319
2140, 0, 398, 400, 163, 15, 0.00%, 0, 0, 4, 193.43, 500796, 319
2145, 0, 398, 400, 163, 15, 0.00%, 0, 0, 4, 195.42, 501786, 319
2150, 0, 398, 400, 163, 15, 0.00%, 0, 0, 4, 177.87, 502683, 319
2155, 0, 398, 400, 163, 15, 0.00%, 0, 0, 4, 169.69, 503523, 319
2161, 0, 398, 400, 163, 15, 0.00%, 0, 0, 4, 189.76, 504519, 319
2166, 0, 398, 400, 163, 15, 0.00%, 0, 0, 4, 180.72, 505485, 319
2171, 0, 398, 400, 163, 15, 0.00%, 0, 0, 4, 148.78, 506382, 319
2176, 0, 398, 400, 163, 15, 0.00%, 0, 0, 4, 187.74, 507402, 319
2181, 0, 398, 400, 163, 15, 0.00%, 0, 0, 4, 214.26, 508290, 319
2186, 0, 398, 400, 163, 15, 0.00%, 0, 0, 4, 201.02, 509278, 319
2192, 0, 398, 401, 164, 15, 0.00%, 0, 0, 4, 197.89, 510302, 320
2197, 0, 398, 401, 164, 15, 0.00%, 0, 0, 4, 197.85, 511292, 320
2202, 0, 398, 401, 164, 15, 0.00%, 0, 0, 4, 188.92, 512198, 320
2207, 0, 398, 401, 164, 15, 0.00%, 0, 0, 4, 192.39, 513194, 320
2212, 0, 398, 401, 164, 15, 0.00%, 0, 0, 4, 196.19, 514211, 320
2217, 0, 398, 401, 164, 15, 0.00%, 0, 0, 4, 195.74, 515216, 320
2222, 0, 398, 402, 165, 15, 0.00%, 0, 0, 4, 191.53, 516157, 324
2227, 0, 398, 402, 165, 15, 0.00%, 0, 0, 4, 191.73, 517153, 324
2232, 0, 398, 402, 165, 15, 0.00%, 0, 0, 4, 193.03, 518158, 324
2238, 0, 398, 402, 165, 15, 0.00%, 0, 0, 4, 198.16, 519193, 324
2243, 0, 398, 402, 165, 15, 0.00%, 0, 0, 4, 191.31, 520153, 324
2248, 0, 398, 402, 165, 15, 0.00%, 0, 0, 4, 196.12, 521149, 324
2253, 0, 398, 402, 165, 15, 0.00%, 0, 0, 4, 193.51, 522148, 324
2258, 0, 398, 402, 165, 15, 0.00%, 0, 0, 4, 198.96, 523189, 324
2263, 0, 398, 402, 165, 15, 0.00%, 0, 0, 4, 200.00, 524218, 324
2269, 0, 372, 402, 164, 16, 0.00%, 0, 0, 4, 221.46, 525310, 324
2274, 0, 372, 402, 164, 16, 0.00%, 0, 0, 4, 292.03, 526865, 324
2279, 0, 372, 402, 164, 16, 0.00%, 0, 0, 4, 305.34, 528420, 324
2284, 0, 372, 402, 164, 16, 0.00%, 0, 0, 4, 305.92, 529956, 324
2289, 0, 372, 402, 164, 16, 0.00%, 0, 0, 4, 304.05, 531498, 324
2294, 0, 372, 402, 164, 16, 0.00%, 0, 0, 4, 311.77, 533052, 324
2299, 0, 197, 402, 164, 16, 0.00%, 0, 0, 4, 310.96, 534620, 324
2304, 0, 197, 402, 164, 16, 0.00%, 0, 0, 4, 304.13, 536175, 324
2309, 0, 197, 402, 164, 16, 0.00%, 0, 0, 4, 306.91, 537741, 324
2314, 0, 197, 402, 164, 16, 0.00%, 0, 0, 4, 322.72, 539427, 324
2319, 0, 197, 402, 164, 16, 0.00%, 0, 0, 4, 332.68, 541125, 324
2324, 0, 189, 402, 163, 15, 0.00%, 0, 0, 4, 266.04, 542438, 324
2330, 0, 189, 402, 163, 15, 0.00%, 0, 0, 4, 250.95, 543698, 324
2335, 0, 189, 402, 163, 15, 0.00%, 0, 0, 4, 240.89, 544931, 324
2340, 0, 189, 402, 163, 15, 0.00%, 0, 0, 4, 248.68, 546239, 324
2345, 0, 189, 402, 163, 15, 0.00%, 0, 0, 4, 214.27, 547291, 324
2350, 0, 189, 402, 163, 15, 0.00%, 0, 0, 4, 206.56, 548343, 324
2355, 0, 189, 402, 163, 15, 0.00%, 0, 0, 4, 239.19, 549587, 324
2360, 0, 189, 402, 163, 15, 0.00%, 0, 0, 4, 247.89, 550875, 324
2365, 0, 189, 402, 163, 15, 0.00%, 0, 0, 4, 250.79, 552178, 324
2370, 0, 189, 402, 163, 15, 0.00%, 0, 0, 4, 253.11, 553443, 324
2376, 0, 189, 402, 163, 15, 0.00%, 0, 0, 4, 256.89, 554778, 324
2381, 0, 189, 402, 163, 15, 0.00%, 0, 0, 4, 255.08, 556063, 324
2386, 0, 189, 402, 163, 15, 0.00%, 0, 0, 4, 224.59, 557199, 324
2391, 0, 189, 402, 163, 15, 0.00%, 0, 0, 4, 201.34, 558231, 324
2396, 0, 189, 402, 163, 15, 0.00%, 0, 0, 4, 225.93, 559403, 324
2401, 0, 189, 402, 163, 15, 0.00%, 0, 0, 4, 238.63, 560651, 324
2406, 0, 189, 402, 163, 15, 0.00%, 0, 0, 4, 241.38, 561911, 324
2412, 0, 189, 402, 163, 15, 0.00%, 0, 0, 4, 242.22, 563171, 324
2417, 0, 189, 402, 163, 15, 0.00%, 0, 0, 4, 242.24, 564411, 324
2422, 0, 189, 402, 163, 15, 0.00%, 0, 0, 4, 248.71, 565711, 324
2427, 0, 411, 418, 178, 14, 0.00%, 0, 0, 4, 230.83, 566860, 327
2432, 0, 411, 418, 178, 14, 0.00%, 0, 0, 4, 224.69, 567988, 327
2437, 0, 411, 418, 178, 14, 0.00%, 0, 0, 4, 230.13, 569160, 327
2443, 0, 411, 418, 178, 14, 0.00%, 0, 0, 4, 239.83, 570416, 327
2448, 0, 411, 418, 178, 14, 0.00%, 0, 0, 4, 236.78, 571608, 327
2453, 0, 411, 418, 178, 14, 0.00%, 0, 0, 4, 237.23, 572800, 327
2458, 0, 411, 418, 178, 14, 0.00%, 0, 0, 4, 219.83, 573920, 327
2463, 0, 411, 418, 178, 14, 0.00%, 0, 0, 4, 237.63, 575148, 327
2468, 0, 411, 418, 178, 14, 0.00%, 0, 0, 4, 241.55, 576400, 327
2473, 0, 411, 418, 178, 14, 0.00%, 0, 0, 4, 237.70, 577588, 327
2479, 0, 411, 418, 178, 14, 0.00%, 0, 0, 4, 236.43, 578816, 327
2484, 0, 411, 418, 178, 14, 0.00%, 0, 0, 4, 243.41, 580104, 327
2489, 0, 411, 418, 178, 14, 0.00%, 0, 0, 4, 240.48, 581352, 327
2494, 0, 411, 418, 178, 14, 0.00%, 0, 0, 4, 224.59, 582480, 327
2499, 0, 411, 418, 178, 14, 0.00%, 0, 0, 4, 220.05, 583568, 327
2504, 0, 411, 418, 178, 14, 0.00%, 0, 0, 4, 227.16, 584720, 327
2509, 0, 411, 418, 178, 14, 0.00%, 0, 0, 4, 233.55, 585944, 327
2514, 0, 411, 418, 178, 14, 0.00%, 0, 0, 4, 224.09, 587080, 327
2519, 0, 411, 418, 178, 14, 0.00%, 0, 0, 4, 198.05, 588049, 327
2525, 0, 411, 418, 178, 14, 0.00%, 0, 0, 4, 189.61, 588985, 327
2530, 0, 411, 418, 178, 14, 0.00%, 0, 0, 4, 218.03, 590060, 327
2535, 0, 411, 418, 178, 14, 0.00%, 0, 0, 4, 232.97, 591296, 327
2540, 0, 411, 418, 178, 14, 0.00%, 0, 0, 4, 223.77, 592412, 327
2545, 0, 411, 418, 178, 14, 0.00%, 0, 0, 4, 222.04, 593536, 327
2550, 0, 411, 418, 178, 14, 0.00%, 0, 0, 4, 228.64, 594724, 327
2555, 0, 411, 418, 178, 14, 0.00%, 0, 0, 4, 230.91, 595888, 327
2560, 0, 411, 418, 178, 14, 0.00%, 0, 0, 4, 234.00, 597092, 327
2565, 0, 411, 418, 178, 14, 0.00%, 0, 0, 4, 233.90, 598268, 327
2571, 0, 399, 418, 177, 13, 0.00%, 0, 0, 4, 213.07, 599358, 327
2576, 0, 399, 418, 177, 13, 0.00%, 0, 0, 4, 193.52, 600344, 327
2581, 0, 399, 418, 177, 13, 0.00%, 0, 0, 4, 192.57, 601340, 327
2586, 0, 399, 418, 177, 13, 0.00%, 0, 0, 4, 194.27, 602342, 327
2591, 0, 399, 418, 177, 13, 0.00%, 0, 0, 4, 173.83, 603224, 327
2596, 0, 399, 418, 177, 13, 0.00%, 0, 0, 4, 159.64, 604004, 327
2602, 0, 399, 418, 177, 13, 0.00%, 0, 0, 4, 179.40, 604961, 327
2607, 0, 399, 418, 177, 13, 0.00%, 0, 0, 4, 163.46, 605783, 327
2612, 0, 399, 418, 177, 13, 0.00%, 0, 0, 4, 179.32, 606668, 327
2617, 0, 399, 418, 177, 13, 0.00%, 0, 0, 4, 181.14, 607586, 327
2622, 0, 399, 418, 177, 13, 0.00%, 0, 0, 4, 186.17, 608564, 327
2627, 0, 399, 418, 177, 13, 0.00%, 0, 0, 4, 182.53, 609473, 327
2632, 0, 399, 418, 177, 13, 0.00%, 0, 0, 4, 183.87, 610427, 327
2637, 0, 399, 418, 177, 13, 0.00%, 0, 0, 4, 188.68, 611402, 327
2642, 0, 399, 418, 177, 13, 0.00%, 0, 0, 4, 191.33, 612389, 327
2648, 0, 399, 418, 177, 13, 0.00%, 0, 0, 4, 191.14, 613379, 327
2653, 0, 399, 418, 177, 13, 0.00%, 0, 0, 4, 191.87, 614336, 327
2658, 0, 399, 418, 177, 13, 0.00%, 0, 0, 4, 187.11, 615323, 327
2663, 0, 399, 418, 177, 13, 0.00%, 0, 0, 4, 188.62, 616295, 327
2668, 0, 399, 418, 177, 13, 0.00%, 0, 0, 4, 191.10, 617288, 327
2673, 0, 399, 418, 177, 13, 0.00%, 0, 0, 4, 191.80, 618284, 327
2679, 0, 399, 418, 177, 13, 0.00%, 0, 0, 4, 187.69, 619259, 327
2684, 0, 399, 418, 177, 13, 0.00%, 0, 0, 4, 180.00, 620093, 327
2689, 0, 399, 418, 177, 13, 0.00%, 0, 0, 4, 188.61, 621080, 327
2694, 0, 399, 418, 177, 13, 0.00%, 0, 0, 4, 187.36, 622061, 327
2699, 0, 399, 418, 177, 13, 0.00%, 0, 0, 4, 187.41, 623042, 327
2704, 0, 399, 418, 177, 13, 0.00%, 0, 0, 4, 182.17, 623948, 327
2709, 0, 399, 418, 177, 13, 0.00%, 0, 0, 4, 185.73, 624866, 327
2714, 0, 399, 418, 177, 13, 0.00%, 0, 0, 4, 187.31, 625814, 327
2719, 0, 399, 418, 177, 13, 0.00%, 0, 0, 4, 183.24, 626738, 327
2724, 0, 399, 418, 177, 13, 0.00%, 0, 0, 4, 182.10, 627659, 327
2730, 0, 399, 418, 177, 13, 0.00%, 0, 0, 4, 186.08, 628628, 327
2735, 0, 399, 418, 177, 13, 0.00%, 0, 0, 4, 132.34, 629514, 327
2740, 0, 399, 418, 177, 13, 0.00%, 0, 0, 4, 182.33, 630518, 327
2745, 0, 399, 418, 177, 13, 0.00%, 0, 0, 4, 190.09, 631517, 327
2750, 0, 400, 418, 176, 12, 0.00%, 0, 0, 4, 197.19, 632502, 327
2755, 0, 400, 418, 176, 12, 0.00%, 0, 0, 4, 191.39, 633453, 327
2760, 0, 400, 418, 176, 12, 0.00%, 0, 0, 4, 169.27, 634320, 327
2766, 0, 400, 418, 176, 12, 0.00%, 0, 0, 4, 175.19, 635214, 327
2771, 0, 400, 418, 176, 12, 0.00%, 0, 0, 4, 179.76, 636138, 327
2776, 0, 400, 418, 176, 12, 0.00%, 0, 0, 4, 188.94, 637098, 327
2781, 0, 400, 418, 176, 12, 0.00%, 0, 0, 4, 211.82, 638002, 327
2786, 0, 400, 418, 176, 12, 0.00%, 0, 0, 4, 202.58, 639040, 327
2791, 0, 400, 418, 176, 12, 0.00%, 0, 0, 4, 197.07, 640065, 327
2796, 0, 400, 418, 176, 12, 0.00%, 0, 0, 4, 186.81, 640977, 327
2801, 0, 400, 418, 176, 12, 0.00%, 0, 0, 4, 170.41, 641832, 327
2806, 0, 400, 418, 176, 12, 0.00%, 0, 0, 4, 203.60, 642784, 327
2811, 0, 400, 418, 176, 12, 0.00%, 0, 0, 4, 202.31, 643688, 327
2816, 0, 400, 418, 176, 12, 0.00%, 0, 0, 4, 199.40, 644676, 327
2821, 0, 400, 418, 176, 12, 0.00%, 0, 0, 4, 198.47, 645678, 327
2827, 0, 400, 418, 176, 12, 0.00%, 0, 0, 4, 198.97, 646701, 327
2832, 0, 400, 418, 176, 12, 0.00%, 0, 0, 4, 196.95, 647727, 327
2837, 0, 400, 418, 176, 12, 0.00%, 0, 0, 4, 188.66, 648711, 327
2842, 0, 400, 418, 176, 12, 0.00%, 0, 0, 4, 195.85, 649734, 327
2847, 0, 400, 418, 176, 12, 0.00%, 0, 0, 4, 192.67, 650706, 327
2852, 0, 400, 418, 176, 12, 0.00%, 0, 0, 4, 193.50, 651705, 327
2858, 0, 400, 418, 176, 12, 0.00%, 0, 0, 4, 188.33, 652623, 327
2863, 0, 400, 418, 176, 12, 0.00%, 0, 0, 4, 190.68, 653580, 327
2868, 0, 400, 418, 176, 12, 0.00%, 0, 0, 4, 198.14, 654597, 327
2873, 0, 400, 418, 176, 12, 0.00%, 0, 0, 4, 197.13, 655614, 327
2878, 0, 400, 418, 176, 12, 0.00%, 0, 0, 4, 196.54, 656625, 327
2883, 0, 400, 418, 176, 12, 0.00%, 0, 0, 4, 198.70, 657654, 327
2888, 0, 400, 418, 176, 12, 0.00%, 0, 0, 4, 197.61, 658683, 327
2893, 0, 400, 418, 176, 12, 0.00%, 0, 0, 4, 197.20, 659670, 327
2899, 0, 400, 418, 176, 12, 0.00%, 0, 0, 4, 199.25, 660702, 327
2904, 0, 400, 418, 176, 12, 0.00%, 0, 0, 4, 198.32, 661719, 327
2909, 0, 400, 418, 176, 12, 0.00%, 0, 0, 4, 30.54, 662554, 327
2914, 0, 400, 418, 176, 12, 0.00%, 0, 0, 4, 185.94, 663486, 327
2919, 0, 400, 418, 176, 12, 0.00%, 0, 0, 4, 196.96, 664527, 327
2924, 0, 412, 419, 176, 11, 0.00%, 0, 0, 4, 193.64, 665490, 327
2929, 0, 412, 419, 176, 11, 0.00%, 0, 0, 4, 193.95, 666471, 327
2934, 0, 412, 419, 176, 11, 0.00%, 0, 0, 4, 188.77, 667416, 327
2939, 0, 412, 419, 176, 11, 0.00%, 0, 0, 4, 186.39, 668358, 327
2944, 0, 412, 419, 176, 11, 0.00%, 0, 0, 4, 176.85, 669231, 327
2949, 0, 412, 419, 176, 11, 0.00%, 0, 0, 4, 183.59, 670194, 327
2954, 0, 412, 419, 176, 11, 0.00%, 0, 0, 4, 182.48, 671118, 327
2959, 0, 412, 419, 176, 11, 0.00%, 0, 0, 4, 185.72, 672081, 327
2965, 0, 412, 419, 176, 11, 0.00%, 0, 0, 4, 191.40, 673086, 327
2970, 0, 412, 419, 176, 11, 0.00%, 0, 0, 4, 191.43, 674082, 327
2975, 0, 412, 419, 176, 11, 0.00%, 0, 0, 4, 184.58, 675000, 327
2980, 0, 412, 419, 176, 11, 0.00%, 0, 0, 4, 188.41, 675990, 327
2985, 0, 412, 419, 176, 11, 0.00%, 0, 0, 4, 187.15, 676971, 327
2990, 0, 412, 419, 176, 11, 0.00%, 0, 0, 4, 184.40, 677904, 327
2995, 0, 412, 419, 176, 11, 0.00%, 0, 0, 4, 190.18, 678900, 327
3001, 0, 412, 419, 176, 11, 0.00%, 0, 0, 4, 192.58, 679905, 327
3006, 0, 412, 419, 176, 11, 0.00%, 0, 0, 4, 190.17, 680892, 327
3011, 0, 412, 419, 176, 11, 0.00%, 0, 0, 4, 192.76, 681897, 327
3016, 0, 412, 419, 176, 11, 0.00%, 0, 0, 4, 185.46, 682851, 327
3021, 0, 412, 419, 176, 11, 0.00%, 0, 0, 4, 189.27, 683835, 327
3026, 0, 412, 419, 176, 11, 0.00%, 0, 0, 4, 177.59, 684693, 327
3032, 0, 412, 419, 176, 11, 0.00%, 0, 0, 4, 186.39, 685665, 327
3037, 0, 412, 419, 176, 11, 0.00%, 0, 0, 4, 188.80, 686652, 327
3042, 0, 412, 419, 176, 11, 0.00%, 0, 0, 4, 190.37, 687636, 327
3047, 0, 412, 419, 176, 11, 0.00%, 0, 0, 4, 192.50, 688626, 327
3052, 0, 412, 419, 176, 11, 0.00%, 0, 0, 4, 192.87, 689586, 327
3057, 0, 412, 419, 176, 11, 0.00%, 0, 0, 4, 191.61, 690549, 327
3062, 0, 412, 420, 177, 11, 0.00%, 0, 0, 4, 189.12, 691505, 327
3067, 0, 412, 420, 177, 11, 0.00%, 0, 0, 4, 188.35, 692453, 327
3072, 0, 412, 420, 177, 11, 0.00%, 0, 0, 4, 189.52, 693404, 327
3078, 0, 412, 420, 177, 11, 0.00%, 0, 0, 4, 188.75, 694397, 327
3083, 0, 412, 420, 177, 11, 0.00%, 0, 0, 4, 166.09, 695252, 327
3088, 0, 412, 420, 177, 11, 0.00%, 0, 0, 4, 184.71, 696194, 327
3093, 0, 412, 420, 177, 11, 0.00%, 0, 0, 4, 181.97, 697118, 327
3098, 0, 416, 420, 176, 10, 0.00%, 0, 0, 4, 182.03, 698067, 327
3103, 0, 416, 420, 176, 10, 0.00%, 0, 0, 4, 183.02, 699015, 327
3109, 0, 416, 421, 177, 10, 0.00%, 0, 0, 4, 184.86, 699985, 327
3114, 0, 416, 421, 177, 10, 0.00%, 0, 0, 4, 184.31, 700910, 327
3119, 0, 416, 421, 177, 10, 0.00%, 0, 0, 4, 184.85, 701837, 327
3124, 0, 416, 421, 177, 10, 0.00%, 0, 0, 4, 184.82, 702794, 327
3129, 0, 416, 421, 177, 10, 0.00%, 0, 0, 4, 175.66, 703703, 327
3134, 0, 416, 422, 178, 10, 0.00%, 0, 0, 4, 182.91, 704629, 327
3139, 0, 416, 422, 178, 10, 0.00%, 0, 0, 4, 187.93, 705601, 327
3144, 0, 416, 422, 178, 10, 0.00%, 0, 0, 4, 191.33, 706591, 327
3149, 0, 416, 422, 178, 10, 0.00%, 0, 0, 4, 187.47, 707560, 327
3155, 0, 416, 422, 178, 10, 0.00%, 0, 0, 4, 169.82, 708340, 327
3160, 0, 416, 422, 178, 10, 0.00%, 0, 0, 4, 168.24, 709186, 327
3165, 0, 416, 422, 178, 10, 0.00%, 0, 0, 4, 33.58, 710038, 327
3170, 0, 416, 422, 178, 10, 0.00%, 0, 0, 4, 178.91, 710929, 327
3175, 0, 416, 422, 178, 10, 0.00%, 0, 0, 4, 175.68, 711811, 327
3180, 0, 416, 422, 178, 10, 0.00%, 0, 0, 4, 186.02, 712786, 327
3185, 0, 416, 422, 178, 10, 0.00%, 0, 0, 4, 186.96, 713755, 327
3190, 0, 416, 422, 178, 10, 0.00%, 0, 0, 4, 187.13, 714688, 327
3196, 0, 416, 422, 178, 10, 0.00%, 0, 0, 4, 188.54, 715669, 327
3201, 0, 416, 422, 178, 10, 0.00%, 0, 0, 4, 190.21, 716650, 327
3206, 0, 416, 422, 178, 10, 0.00%, 0, 0, 4, 190.59, 717640, 327
3211, 0, 416, 422, 178, 10, 0.00%, 0, 0, 4, 189.30, 718618, 327
3216, 0, 416, 422, 178, 10, 0.00%, 0, 0, 4, 177.01, 719479, 327
3221, 0, 416, 422, 178, 10, 0.00%, 0, 0, 4, 184.02, 720400, 327
3226, 0, 416, 422, 178, 10, 0.00%, 0, 0, 4, 189.07, 721387, 327
3232, 0, 416, 422, 178, 10, 0.00%, 0, 0, 4, 191.41, 722374, 327
3237, 0, 416, 422, 178, 10, 0.00%, 0, 0, 4, 190.60, 723355, 327
3242, 0, 416, 422, 178, 10, 0.00%, 0, 0, 4, 189.16, 724321, 327
3247, 0, 416, 422, 178, 10, 0.00%, 0, 0, 4, 186.84, 725293, 327
3252, 0, 416, 422, 178, 10, 0.00%, 0, 0, 4, 186.51, 726262, 327
3257, 0, 416, 422, 178, 10, 0.00%, 0, 0, 4, 183.20, 727207, 327
3263, 0, 416, 422, 178, 10, 0.00%, 0, 0, 4, 165.52, 727996, 327
3268, 0, 416, 422, 178, 10, 0.00%, 0, 0, 4, 184.15, 728731, 327
3273, 0, 416, 422, 178, 10, 0.00%, 0, 0, 4, 181.74, 729670, 327
3278, 0, 372, 422, 177, 9, 0.00%, 0, 0, 4, 239.51, 730861, 327
3283, 0, 372, 422, 177, 9, 0.00%, 0, 0, 4, 299.77, 732477, 327
3288, 0, 372, 422, 177, 9, 0.00%, 0, 0, 4, 332.25, 734199, 327
3293, 0, 372, 422, 177, 9, 0.00%, 0, 0, 4, 332.05, 735885, 327
3298, 0, 372, 422, 177, 9, 0.00%, 0, 0, 4, 334.67, 737577, 327
3303, 0, 397, 422, 177, 9, 0.00%, 0, 0, 4, 261.72, 738940, 327
3309, 0, 397, 422, 177, 9, 0.00%, 0, 0, 4, 210.80, 739931, 327
3314, 0, 397, 422, 177, 9, 0.00%, 0, 0, 4, 195.36, 740903, 327
3319, 0, 397, 422, 177, 9, 0.00%, 0, 0, 4, 191.82, 741863, 327
3324, 0, 397, 422, 177, 9, 0.00%, 0, 0, 4, 189.81, 742853, 327
3329, 0, 397, 422, 177, 9, 0.00%, 0, 0, 4, 183.37, 743792, 327
3334, 0, 397, 422, 177, 9, 0.00%, 0, 0, 4, 191.00, 744794, 327
3339, 0, 397, 422, 177, 9, 0.00%, 0, 0, 4, 192.57, 745787, 327
3344, 0, 397, 422, 177, 9, 0.00%, 0, 0, 4, 196.60, 746807, 327
3350, 0, 397, 422, 177, 9, 0.00%, 0, 0, 4, 195.27, 747824, 327
3355, 0, 397, 422, 177, 9, 0.00%, 0, 0, 4, 192.29, 748814, 327
3360, 0, 397, 422, 177, 9, 0.00%, 0, 0, 4, 191.40, 749816, 327
3365, 0, 397, 422, 177, 9, 0.00%, 0, 0, 4, 192.84, 750818, 327
3370, 0, 397, 422, 177, 9, 0.00%, 0, 0, 4, 192.46, 751805, 327
3375, 0, 397, 422, 177, 9, 0.00%, 0, 0, 4, 192.18, 752768, 327
3381, 0, 397, 422, 177, 9, 0.00%, 0, 0, 4, 193.28, 753773, 327
3386, 0, 397, 422, 177, 9, 0.00%, 0, 0, 4, 192.99, 754766, 327
3391, 0, 397, 422, 177, 9, 0.00%, 0, 0, 4, 196.73, 755693, 327
3396, 0, 397, 422, 177, 9, 0.00%, 0, 0, 4, 196.21, 756707, 327
3401, 0, 397, 422, 177, 9, 0.00%, 0, 0, 4, 194.12, 757715, 327
3406, 0, 397, 422, 177, 9, 0.00%, 0, 0, 4, 194.96, 758714, 327
3411, 0, 397, 422, 177, 9, 0.00%, 0, 0, 4, 196.08, 759731, 327
3417, 0, 397, 422, 177, 9, 0.00%, 0, 0, 4, 194.48, 760736, 327
3422, 0, 397, 422, 177, 9, 0.00%, 0, 0, 4, 149.58, 761453, 327
3427, 0, 397, 422, 177, 9, 0.00%, 0, 0, 4, 169.34, 762392, 327
3432, 0, 397, 422, 177, 9, 0.00%, 0, 0, 4, 186.98, 763355, 327
3437, 0, 397, 422, 177, 9, 0.00%, 0, 0, 4, 190.16, 764351, 327
3442, 0, 397, 422, 177, 9, 0.00%, 0, 0, 4, 192.38, 765350, 327
3448, 0, 397, 422, 177, 9, 0.00%, 0, 0, 4, 189.58, 766325, 327
3453, 0, 397, 422, 177, 9, 0.00%, 0, 0, 4, 191.32, 767312, 327
3458, 0, 397, 422, 177, 9, 0.00%, 0, 0, 4, 179.16, 768239, 327
3463, 0, 397, 422, 177, 9, 0.00%, 0, 0, 4, 183.30, 769202, 327
3468, 0, 397, 422, 177, 9, 0.00%, 0, 0, 4, 183.69, 770120, 327
3473, 0, 397, 422, 177, 9, 0.00%, 0, 0, 4, 186.86, 771062, 327
3478, 0, 409, 423, 177, 8, 0.00%, 0, 0, 4, 202.94, 772129, 328
3484, 0, 409, 423, 177, 8, 0.00%, 0, 0, 4, 206.01, 773181, 328
3489, 0, 409, 423, 177, 8, 0.00%, 0, 0, 4, 209.61, 774273, 328
3494, 0, 409, 423, 177, 8, 0.00%, 0, 0, 4, 202.93, 775313, 328
3499, 0, 409, 423, 177, 8, 0.00%, 0, 0, 4, 204.47, 776317, 328
3504, 0, 409, 423, 177, 8, 0.00%, 0, 0, 4, 212.30, 777421, 328
3509, 0, 409, 423, 177, 8, 0.00%, 0, 0, 4, 211.62, 778481, 328
3514, 0, 409, 423, 177, 8, 0.00%, 0, 0, 4, 204.12, 779537, 328
3519, 0, 409, 423, 177, 8, 0.00%, 0, 0, 4, 203.19, 780585, 328
3524, 0, 409, 423, 177, 8, 0.00%, 0, 0, 4, 210.01, 781657, 328
3529, 0, 409, 423, 177, 8, 0.00%, 0, 0, 4, 212.86, 782729, 328
3534, 0, 409, 423, 177, 8, 0.00%, 0, 0, 4, 212.87, 783797, 328
3539, 0, 409, 423, 177, 8, 0.00%, 0, 0, 4, 210.60, 784849, 328
3544, 0, 409, 423, 177, 8, 0.00%, 0, 0, 4, 211.99, 785929, 328
3550, 0, 409, 423, 177, 8, 0.00%, 0, 0, 4, 207.85, 786985, 328
3555, 0, 409, 423, 177, 8, 0.00%, 0, 0, 4, 158.74, 787921, 328
3560, 0, 409, 423, 177, 8, 0.00%, 0, 0, 4, 203.56, 789025, 328
3565, 0, 409, 423, 177, 8, 0.00%, 0, 0, 4, 209.00, 790125, 328
3570, 0, 409, 423, 177, 8, 0.00%, 0, 0, 4, 211.78, 791185, 328
3575, 0, 409, 423, 177, 8, 0.00%, 0, 0, 4, 203.11, 792121, 328
3580, 0, 409, 423, 177, 8, 0.00%, 0, 0, 4, 192.88, 793075, 328
3585, 0, 409, 423, 177, 8, 0.00%, 0, 0, 4, 204.12, 794109, 328
3591, 0, 409, 423, 177, 8, 0.00%, 0, 0, 4, 209.81, 795205, 328
3596, 0, 409, 423, 177, 8, 0.00%, 0, 0, 4, 210.93, 796297, 328
3601, 0, 409, 423, 177, 8, 0.00%, 0, 0, 4, 215.00, 797409, 328
3606, 0, 409, 423, 177, 8, 0.00%, 0, 0, 4, 208.37, 798453, 328
3611, 0, 409, 423, 177, 8, 0.00%, 0, 0, 4, 213.23, 799533, 328
3616, 0, 409, 423, 177, 8, 0.00%, 0, 0, 4, 213.04, 800621, 328
3621, 0, 409, 423, 177, 8, 0.00%, 0, 0, 4, 211.05, 801685, 328
3626, 0, 409, 423, 177, 8, 0.00%, 0, 0, 4, 212.34, 802761, 328
3631, 0, 409, 423, 177, 8, 0.00%, 0, 0, 4, 185.80, 803680, 328
3636, 0, 422, 423, 176, 8, 0.00%, 0, 0, 4, 197.84, 804667, 328
3641, 0, 422, 423, 176, 8, 0.00%, 0, 0, 4, 207.46, 805719, 328
3646, 0, 422, 423, 176, 8, 0.00%, 0, 0, 4, 206.40, 806751, 328
3652, 0, 422, 423, 176, 8, 0.00%, 0, 0, 4, 210.02, 807843, 328
3657, 0, 422, 423, 176, 8, 0.00%, 0, 0, 4, 205.40, 808847, 328
3662, 0, 422, 423, 176, 8, 0.00%, 0, 0, 4, 208.88, 809895, 328
3667, 0, 422, 423, 176, 8, 0.00%, 0, 0, 4, 211.31, 810999, 328
3672, 0, 422, 423, 176, 8, 0.00%, 0, 0, 4, 214.56, 812071, 328
3677, 0, 422, 423, 176, 8, 0.00%, 0, 0, 4, 204.09, 813107, 328
3682, 0, 422, 423, 176, 8, 0.00%, 0, 0, 4, 215.87, 814199, 328
3687, 0, 422, 423, 176, 8, 0.00%, 0, 0, 4, 220.79, 815315, 328
3692, 0, 422, 423, 176, 8, 0.00%, 0, 0, 4, 207.97, 816323, 328
3697, 0, 422, 423, 176, 8, 0.00%, 0, 0, 4, 210.73, 817419, 328
3702, 0, 422, 423, 176, 8, 0.00%, 0, 0, 4, 207.50, 818431, 328
3708, 0, 422, 423, 176, 8, 0.00%, 0, 0, 4, 214.89, 819555, 328
3713, 0, 422, 423, 176, 8, 0.00%, 0, 0, 4, 217.88, 820687, 328
3718, 0, 422, 423, 176, 8, 0.00%, 0, 0, 4, 216.30, 821811, 328
3723, 0, 422, 423, 176, 8, 0.00%, 0, 0, 4, 218.32, 822907, 328
3728, 0, 422, 423, 176, 8, 0.00%, 0, 0, 4, 210.92, 823979, 328
3733, 0, 422, 423, 176, 8, 0.00%, 0, 0, 4, 215.90, 825063, 328
3738, 0, 422, 423, 176, 8, 0.00%, 0, 0, 4, 213.22, 826135, 328
3743, 0, 422, 423, 176, 8, 0.00%, 0, 0, 4, 214.39, 827195, 328
3748, 0, 422, 423, 176, 8, 0.00%, 0, 0, 4, 212.39, 828255, 328
3753, 0, 422, 423, 176, 8, 0.00%, 0, 0, 4, 210.36, 829315, 328
3758, 0, 422, 423, 176, 8, 0.00%, 0, 0, 4, 211.85, 830379, 328
3763, 0, 422, 423, 176, 8, 0.00%, 0, 0, 4, 210.28, 831443, 328
3768, 0, 422, 423, 176, 8, 0.00%, 0, 0, 4, 205.83, 832499, 328
3774, 0, 422, 423, 176, 8, 0.00%, 0, 0, 4, 8.96, 833272, 328
3779, 0, 422, 423, 176, 8, 0.00%, 0, 0, 4, 182.06, 834184, 328
3784, 0, 422, 423, 176, 8, 0.00%, 0, 0, 4, 197.33, 835192, 328
3789, 0, 422, 423, 176, 8, 0.00%, 0, 0, 4, 205.54, 836219, 328
3794, 0, 406, 423, 175, 7, 0.00%, 0, 0, 4, 199.09, 837223, 328
3799, 0, 406, 423, 175, 7, 0.00%, 0, 0, 4, 203.69, 838288, 328
3804, 0, 406, 424, 176, 7, 0.00%, 0, 0, 4, 198.26, 839292, 332
3809, 0, 406, 424, 176, 7, 0.00%, 0, 0, 4, 197.40, 840291, 332
3815, 0, 406, 425, 177, 7, 0.00%, 0, 0, 4, 199.34, 841292, 333
3820, 0, 406, 425, 177, 7, 0.00%, 0, 0, 4, 203.31, 842332, 333
3825, 0, 406, 425, 177, 7, 0.00%, 0, 0, 4, 188.71, 843287, 333
3830, 0, 406, 425, 177, 7, 0.00%, 0, 0, 4, 195.45, 844289, 333
3835, 0, 406, 425, 177, 7, 0.00%, 0, 0, 4, 197.27, 845318, 333
3840, 0, 406, 425, 177, 7, 0.00%, 0, 0, 4, 197.64, 846329, 333
3845, 0, 406, 425, 177, 7, 0.00%, 0, 0, 4, 198.06, 847346, 333
3850, 0, 406, 425, 177, 7, 0.00%, 0, 0, 4, 199.03, 848354, 333
3855, 0, 406, 425, 177, 7, 0.00%, 0, 0, 4, 194.75, 849326, 333
3860, 0, 406, 425, 177, 7, 0.00%, 0, 0, 4, 202.07, 850360, 333
3866, 0, 406, 425, 177, 7, 0.00%, 0, 0, 4, 198.37, 851384, 333
3871, 0, 406, 425, 177, 7, 0.00%, 0, 0, 4, 196.71, 852368, 333
3876, 0, 406, 425, 177, 7, 0.00%, 0, 0, 4, 197.88, 853400, 333
3881, 0, 406, 425, 177, 7, 0.00%, 0, 0, 4, 198.54, 854426, 333
3886, 0, 406, 425, 177, 7, 0.00%, 0, 0, 4, 175.72, 855332, 333
3891, 0, 406, 425, 177, 7, 0.00%, 0, 0, 4, 193.59, 856310, 333
3896, 0, 406, 425, 177, 7, 0.00%, 0, 0, 4, 196.06, 857300, 333
3901, 0, 406, 425, 177, 7, 0.00%, 0, 0, 4, 187.37, 858260, 333
3907, 0, 406, 425, 177, 7, 0.00%, 0, 0, 4, 197.31, 859280, 333
3912, 0, 406, 425, 177, 7, 0.00%, 0, 0, 4, 205.70, 860320, 333
3917, 0, 406, 425, 177, 7, 0.00%, 0, 0, 4, 206.04, 861356, 333
3922, 0, 406, 425, 177, 7, 0.00%, 0, 0, 4, 206.16, 862392, 333
3927, 0, 406, 425, 177, 7, 0.00%, 0, 0, 4, 196.52, 863390, 333
3932, 0, 406, 425, 177, 7, 0.00%, 0, 0, 4, 180.87, 864254, 333
3937, 0, 406, 425, 177, 7, 0.00%, 0, 0, 4, 179.84, 865130, 333
3942, 0, 406, 425, 177, 7, 0.00%, 0, 0, 4, 192.89, 866099, 333
3947, 0, 406, 426, 178, 7, 0.00%, 0, 0, 4, 201.02, 867124, 335
3952, 0, 406, 426, 178, 7, 0.00%, 0, 0, 4, 204.39, 868156, 335
3957, 0, 406, 426, 178, 7, 0.00%, 0, 0, 4, 207.35, 869200, 335
3962, 0, 16, 426, 177, 6, 0.00%, 0, 0, 4, 238.80, 870378, 335
3968, 0, 16, 426, 177, 6, 0.00%, 0, 0, 4, 249.83, 871695, 335
3973, 0, 16, 426, 177, 6, 0.00%, 0, 0, 4, 255.33, 872940, 335
3978, 0, 16, 426, 177, 6, 0.00%, 0, 0, 4, 254.41, 874265, 335
3983, 0, 16, 426, 177, 6, 0.00%, 0, 0, 4, 250.96, 875515, 335
3988, 0, 16, 426, 177, 6, 0.00%, 0, 0, 4, 252.07, 876775, 335
3993, 0, 16, 426, 177, 6, 0.00%, 0, 0, 4, 250.22, 878040, 335
3998, 0, 16, 426, 177, 6, 0.00%, 0, 0, 4, 256.07, 879345, 335
4003, 0, 16, 426, 177, 6, 0.00%, 0, 0, 4, 250.66, 880620, 335
4008, 0, 16, 426, 177, 6, 0.00%, 0, 0, 4, 251.21, 881910, 335
4013, 0, 16, 426, 177, 6, 0.00%, 0, 0, 4, 257.92, 883225, 335
4018, 0, 16, 426, 177, 6, 0.00%, 0, 0, 4, 257.15, 884530, 335
4024, 0, 16, 426, 177, 6, 0.00%, 0, 0, 4, 261.04, 885900, 335
4029, 0, 16, 426, 177, 6, 0.00%, 0, 0, 4, 260.22, 887255, 335
4034, 0, 16, 426, 177, 6, 0.00%, 0, 0, 4, 262.91, 888590, 335
4039, 0, 16, 426, 177, 6, 0.00%, 0, 0, 4, 262.75, 889965, 335
4044, 0, 16, 426, 177, 6, 0.00%, 0, 0, 4, 264.06, 891325, 335
4049, 0, 16, 426, 177, 6, 0.00%, 0, 0, 4, 259.21, 892630, 335
4054, 0, 16, 426, 177, 6, 0.00%, 0, 0, 4, 257.46, 893900, 335
4059, 0, 16, 426, 177, 6, 0.00%, 0, 0, 4, 262.32, 895215, 335
4064, 0, 16, 426, 177, 6, 0.00%, 0, 0, 4, 258.08, 896515, 335
4070, 0, 16, 426, 177, 6, 0.00%, 0, 0, 4, 237.41, 897766, 335
4075, 0, 16, 426, 177, 6, 0.00%, 0, 0, 4, 249.40, 899040, 335
4080, 0, 16, 426, 177, 6, 0.00%, 0, 0, 4, 260.46, 900355, 335
4085, 0, 16, 426, 177, 6, 0.00%, 0, 0, 4, 264.61, 901710, 335
4090, 0, 372, 426, 176, 6, 0.00%, 0, 0, 4, 293.95, 903148, 335
4095, 0, 372, 426, 176, 6, 0.00%, 0, 0, 4, 320.49, 904826, 335
4100, 0, 372, 426, 176, 6, 0.00%, 0, 0, 4, 330.41, 906500, 335
4105, 0, 372, 426, 176, 6, 0.00%, 0, 0, 4, 332.62, 908180, 335
4110, 0, 372, 426, 176, 6, 0.00%, 0, 0, 4, 326.55, 909842, 335
4115, 0, 403, 426, 176, 6, 0.00%, 0, 0, 4, 259.22, 911169, 335
4120, 0, 403, 426, 176, 6, 0.00%, 0, 0, 4, 212.61, 912169, 335
4125, 0, 403, 426, 176, 6, 0.00%, 0, 0, 4, 182.78, 913075, 335
4130, 0, 403, 426, 176, 6, 0.00%, 0, 0, 4, 174.50, 913897, 335
4136, 0, 403, 426, 176, 6, 0.00%, 0, 0, 4, 184.88, 914833, 335
4141, 0, 403, 426, 176, 6, 0.00%, 0, 0, 4, 191.22, 915814, 335
4146, 0, 403, 426, 176, 6, 0.00%, 0, 0, 4, 192.57, 916822, 335
4151, 0, 403, 426, 176, 6, 0.00%, 0, 0, 4, 194.64, 917833, 335
4156, 0, 403, 426, 176, 6, 0.00%, 0, 0, 4, 187.59, 918787, 335
4161, 0, 403, 426, 176, 6, 0.00%, 0, 0, 4, 189.64, 919774, 335
4167, 0, 403, 426, 176, 6, 0.00%, 0, 0, 4, 196.86, 920797, 335
4172, 0, 403, 426, 176, 6, 0.00%, 0, 0, 4, 185.11, 921766, 335
4177, 0, 403, 426, 176, 6, 0.00%, 0, 0, 4, 151.58, 922347, 335
4182, 0, 403, 426, 176, 6, 0.00%, 0, 0, 4, 167.47, 923011, 335
4187, 0, 403, 426, 176, 6, 0.00%, 0, 0, 4, 202.89, 923649, 335
4192, 0, 403, 426, 176, 6, 0.00%, 0, 0, 4, 192.37, 924220, 335
4198, 0, 403, 426, 176, 6, 0.00%, 0, 0, 4, 192.40, 925222, 335
4203, 0, 403, 426, 176, 6, 0.00%, 0, 0, 4, 193.51, 926227, 335
4208, 0, 403, 426, 176, 6, 0.00%, 0, 0, 4, 194.23, 927232, 335
4213, 0, 403, 426, 176, 6, 0.00%, 0, 0, 4, 193.13, 928231, 335
4218, 0, 403, 426, 176, 6, 0.00%, 0, 0, 4, 194.55, 929242, 335
4223, 0, 403, 426, 176, 6, 0.00%, 0, 0, 4, 194.03, 930241, 335
4229, 0, 403, 426, 176, 6, 0.00%, 0, 0, 4, 193.59, 931252, 335
4234, 0, 403, 426, 176, 6, 0.00%, 0, 0, 4, 187.66, 932224, 335
4239, 0, 403, 426, 176, 6, 0.00%, 0, 0, 4, 192.95, 933166, 335
4244, 0, 403, 426, 176, 6, 0.00%, 0, 0, 4, 194.44, 934180, 335
4249, 0, 403, 426, 176, 6, 0.00%, 0, 0, 4, 194.98, 935161, 335
4254, 0, 403, 426, 176, 6, 0.00%, 0, 0, 4, 196.47, 936178, 335
4259, 0, 403, 426, 176, 6, 0.00%, 0, 0, 4, 189.34, 937177, 335
4265, 0, 403, 426, 176, 6, 0.00%, 0, 0, 4, 192.66, 938179, 335
4270, 0, 403, 426, 176, 6, 0.00%, 0, 0, 4, 185.33, 939136, 335
4275, 0, 403, 426, 176, 6, 0.00%, 0, 0, 4, 169.80, 939955, 335
4280, 0, 403, 426, 176, 6, 0.00%, 0, 0, 4, 176.32, 940858, 335
4285, 0, 403, 426, 176, 6, 0.00%, 0, 0, 4, 183.56, 941776, 335
4290, 0, 403, 426, 176, 6, 0.00%, 0, 0, 4, 191.01, 942781, 335
4296, 0, 385, 426, 175, 5, 0.00%, 0, 0, 4, 233.87, 943949, 335
4301, 0, 385, 426, 175, 5, 0.00%, 0, 0, 4, 297.20, 945557, 335
4306, 0, 385, 426, 175, 5, 0.00%, 0, 0, 4, 317.23, 947211, 335
4311, 0, 385, 426, 175, 5, 0.00%, 0, 0, 4, 344.99, 949017, 335
4316, 0, 385, 426, 175, 5, 0.00%, 0, 0, 4, 337.53, 950733, 335
4321, 0, 372, 426, 175, 5, 0.00%, 0, 0, 4, 332.73, 952445, 335
4327, 0, 372, 426, 175, 5, 0.00%, 0, 0, 4, 369.12, 954307, 335
4332, 0, 372, 426, 175, 5, 0.00%, 0, 0, 4, 411.75, 956449, 335
4337, 0, 372, 426, 175, 5, 0.00%, 0, 0, 4, 437.26, 958745, 335
4342, 0, 392, 426, 175, 5, 0.00%, 0, 0, 4, 409.52, 960697, 335
4347, 0, 392, 426, 175, 5, 0.00%, 0, 0, 4, 379.00, 962667, 335
4352, 0, 392, 426, 175, 5, 0.00%, 0, 0, 4, 330.95, 964273, 335
4357, 0, 392, 426, 175, 5, 0.00%, 0, 0, 4, 318.67, 965839, 335
4362, 0, 392, 426, 175, 5, 0.00%, 0, 0, 4, 321.86, 967489, 335
4367, 0, 372, 426, 175, 5, 0.00%, 0, 0, 4, 326.30, 969177, 335
4372, 0, 372, 426, 175, 5, 0.00%, 0, 0, 4, 323.50, 970857, 335
4378, 0, 372, 426, 175, 5, 0.00%, 0, 0, 4, 324.12, 972525, 335
4383, 0, 372, 426, 175, 5, 0.00%, 0, 0, 4, 333.48, 974277, 335
4388, 0, 372, 426, 175, 5, 0.00%, 0, 0, 4, 328.77, 975963, 335
4393, 0, 372, 426, 175, 5, 0.00%, 0, 0, 4, 329.88, 977615, 335
4398, 0, 372, 426, 175, 5, 0.00%, 0, 0, 4, 336.84, 979313, 335
4403, 0, 372, 426, 175, 5, 0.00%, 0, 0, 4, 336.60, 980993, 335
4408, 0, 372, 426, 175, 5, 0.00%, 0, 0, 4, 338.25, 982709, 335
4413, 0, 372, 426, 175, 5, 0.00%, 0, 0, 4, 331.44, 984377, 335
4418, 0, 378, 426, 175, 5, 0.00%, 0, 0, 4, 225.87, 985389, 335
4423, 0, 378, 426, 175, 5, 0.00%, 0, 0, 4, 197.74, 986341, 335
4428, 0, 378, 426, 175, 5, 0.00%, 0, 0, 4, 195.65, 987355, 335
4433, 0, 378, 426, 175, 5, 0.00%, 0, 0, 4, 191.80, 988354, 335
4438, 0, 378, 426, 175, 5, 0.00%, 0, 0, 4, 191.36, 989305, 335
4443, 0, 378, 426, 175, 5, 0.00%, 0, 0, 4, 192.69, 990268, 335
4448, 0, 378, 426, 175, 5, 0.00%, 0, 0, 4, 182.61, 991138, 335
4454, 0, 378, 426, 175, 5, 0.00%, 0, 0, 4, 191.34, 992140, 335
4459, 0, 378, 426, 175, 5, 0.00%, 0, 0, 4, 193.58, 993148, 335
4464, 0, 378, 426, 175, 5, 0.00%, 0, 0, 4, 194.92, 994153, 335
4469, 0, 378, 426, 175, 5, 0.00%, 0, 0, 4, 194.98, 995161, 335
4474, 0, 378, 426, 175, 5, 0.00%, 0, 0, 4, 177.80, 996094, 335
4479, 0, 378, 426, 175, 5, 0.00%, 0, 0, 4, 158.67, 996868, 335
4485, 0, 378, 426, 175, 5, 0.00%, 0, 0, 4, 152.51, 997654, 335
4490, 0, 378, 426, 175, 5, 0.00%, 0, 0, 4, 155.46, 998437, 335
4495, 0, 378, 426, 175, 5, 0.00%, 0, 0, 4, 136.36, 999115, 335
4500, 0, 378, 426, 175, 5, 0.00%, 0, 0, 4, 142.19, 999843, 335
4505, 0, 378, 426, 175, 5, 0.00%, 0, 0, 4, 150.11, 1000627, 335
4510, 0, 378, 426, 175, 5, 0.00%, 0, 0, 4, 153.09, 1001431, 335
4515, 0, 378, 426, 175, 5, 0.00%, 0, 0, 4, 151.78, 1002190, 335
4520, 0, 378, 426, 175, 5, 0.00%, 0, 0, 4, 182.53, 1003153, 335
4525, 0, 378, 426, 175, 5, 0.00%, 0, 0, 4, 192.79, 1004152, 335
4531, 0, 378, 426, 175, 5, 0.00%, 0, 0, 4, 189.12, 1005091, 335
4536, 0, 378, 426, 175, 5, 0.00%, 0, 0, 4, 189.34, 1006078, 335
4541, 0, 378, 426, 175, 5, 0.00%, 0, 0, 4, 172.14, 1006969, 335
4546, 0, 378, 426, 175, 5, 0.00%, 0, 0, 4, 183.49, 1007926, 335
4551, 0, 378, 426, 175, 5, 0.00%, 0, 0, 4, 190.04, 1008916, 335
4556, 0, 378, 426, 175, 5, 0.00%, 0, 0, 4, 185.82, 1009879, 335
4562, 0, 378, 426, 175, 5, 0.00%, 0, 0, 4, 183.81, 1010827, 335
4567, 0, 378, 426, 175, 5, 0.00%, 0, 0, 4, 186.64, 1011802, 335
4572, 0, 378, 426, 175, 5, 0.00%, 0, 0, 4, 188.01, 1012750, 335
4577, 0, 378, 426, 175, 5, 0.00%, 0, 0, 4, 176.27, 1013524, 335
4582, 0, 378, 426, 175, 5, 0.00%, 0, 0, 4, 157.53, 1014274, 335
4587, 0, 378, 426, 175, 5, 0.00%, 0, 0, 4, 143.92, 1014939, 335
4592, 0, 378, 426, 175, 5, 0.00%, 0, 0, 4, 172.47, 1015585, 335
4597, 0, 378, 426, 175, 5, 0.00%, 0, 0, 4, 27.97, 1015967, 335
4603, 0, 378, 426, 175, 5, 0.00%, 0, 0, 4, 62.21, 1016330, 335
4608, 0, 378, 426, 175, 5, 0.00%, 0, 0, 4, 14.95, 1016695, 335
4613, 0, 372, 426, 175, 5, 0.00%, 0, 0, 4, 177.61, 1017267, 335
4618, 0, 372, 426, 175, 5, 0.00%, 0, 0, 4, 252.46, 1018685, 335
4623, 0, 372, 426, 175, 5, 0.00%, 0, 0, 4, 304.89, 1020291, 335
4628, 0, 372, 426, 175, 5, 0.00%, 0, 0, 4, 324.97, 1021965, 335
4633, 0, 372, 426, 175, 5, 0.00%, 0, 0, 4, 321.87, 1023561, 335
4639, 0, 372, 426, 175, 5, 0.00%, 0, 0, 4, 355.55, 1025379, 335
4644, 0, 372, 430, 179, 5, 0.00%, 0, 0, 4, 302.68, 1026912, 335
4649, 0, 372, 430, 179, 5, 0.00%, 0, 0, 4, 300.55, 1028365, 335
4654, 0, 372, 430, 179, 5, 0.00%, 0, 0, 4, 312.02, 1029960, 335
4659, 0, 372, 430, 179, 5, 0.00%, 0, 0, 4, 314.85, 1031610, 335
4664, 0, 372, 430, 179, 5, 0.00%, 0, 0, 4, 323.41, 1033230, 335
4669, 0, 392, 430, 179, 5, 0.00%, 0, 0, 4, 318.66, 1034816, 335
4674, 0, 392, 430, 179, 5, 0.00%, 0, 0, 4, 321.46, 1036478, 335
4679, 0, 392, 430, 179, 5, 0.00%, 0, 0, 4, 347.10, 1038290, 335
4685, 0, 392, 430, 179, 5, 0.00%, 0, 0, 4, 315.83, 1039898, 335
4690, 0, 392, 430, 179, 5, 0.00%, 0, 0, 4, 315.01, 1041530, 335
4695, 0, 386, 430, 179, 5, 0.00%, 0, 0, 4, 313.62, 1043116, 335
4700, 0, 386, 430, 179, 5, 0.00%, 0, 0, 4, 309.91, 1044676, 335
4705, 0, 386, 430, 179, 5, 0.00%, 0, 0, 4, 293.80, 1046139, 335
4710, 0, 386, 430, 179, 5, 0.00%, 0, 0, 4, 306.28, 1047700, 335
4715, 0, 386, 431, 180, 5, 0.00%, 0, 0, 4, 313.40, 1049280, 335
4720, 0, 409, 431, 180, 5, 0.00%, 0, 0, 4, 247.02, 1050512, 335
4725, 0, 409, 431, 180, 5, 0.00%, 0, 0, 4, 209.40, 1051528, 335
4730, 0, 409, 431, 180, 5, 0.00%, 0, 0, 4, 217.23, 1052636, 335
4735, 0, 409, 431, 180, 5, 0.00%, 0, 0, 4, 226.64, 1053816, 335
4740, 0, 409, 431, 180, 5, 0.00%, 0, 0, 4, 219.71, 1054928, 335
4746, 0, 409, 431, 180, 5, 0.00%, 0, 0, 4, 214.52, 1055908, 335
4751, 0, 409, 431, 180, 5, 0.00%, 0, 0, 4, 216.55, 1057012, 335
4756, 0, 409, 431, 180, 5, 0.00%, 0, 0, 4, 219.61, 1058124, 335
4761, 0, 409, 431, 180, 5, 0.00%, 0, 0, 4, 223.43, 1059224, 335
4766, 0, 409, 431, 180, 5, 0.00%, 0, 0, 4, 221.37, 1060312, 335
4771, 0, 409, 431, 180, 5, 0.00%, 0, 0, 4, 219.70, 1061412, 335
4776, 0, 409, 431, 180, 5, 0.00%, 0, 0, 4, 219.58, 1062564, 335
4781, 0, 409, 431, 180, 5, 0.00%, 0, 0, 4, 217.05, 1063660, 335
4786, 0, 409, 431, 180, 5, 0.00%, 0, 0, 4, 210.65, 1064764, 335
4791, 0, 409, 431, 180, 5, 0.00%, 0, 0, 4, 207.65, 1065800, 335
4797, 0, 409, 431, 180, 5, 0.00%, 0, 0, 4, 218.73, 1066952, 335
4802, 0, 409, 431, 180, 5, 0.00%, 0, 0, 4, 214.83, 1068052, 335
4807, 0, 409, 431, 180, 5, 0.00%, 0, 0, 4, 219.31, 1069152, 335
4812, 0, 409, 431, 180, 5, 0.00%, 0, 0, 4, 222.68, 1070280, 335
4817, 0, 409, 431, 180, 5, 0.00%, 0, 0, 4, 218.44, 1071364, 335
4822, 0, 409, 431, 180, 5, 0.00%, 0, 0, 4, 210.46, 1072428, 335
4827, 0, 409, 431, 180, 5, 0.00%, 0, 0, 4, 212.64, 1073500, 335
4832, 0, 409, 431, 180, 5, 0.00%, 0, 0, 4, 210.92, 1074572, 335
4837, 0, 409, 431, 180, 5, 0.00%, 0, 0, 4, 220.17, 1075684, 335
4842, 0, 409, 431, 180, 5, 0.00%, 0, 0, 4, 225.47, 1076856, 335
4847, 0, 409, 431, 180, 5, 0.00%, 0, 0, 4, 200.22, 1077857, 335
4852, 0, 409, 431, 180, 5, 0.00%, 0, 0, 4, 219.02, 1078984, 335
4857, 0, 409, 431, 180, 5, 0.00%, 0, 0, 4, 221.41, 1080088, 335
4863, 0, 409, 431, 180, 5, 0.00%, 0, 0, 4, 206.74, 1081144, 335
4868, 0, 409, 431, 180, 5, 0.00%, 0, 0, 4, 215.93, 1082232, 335
4873, 0, 392, 431, 180, 5, 0.00%, 0, 0, 4, 293.48, 1083732, 335
4878, 0, 392, 431, 180, 5, 0.00%, 0, 0, 4, 337.24, 1085470, 335
4883, 0, 392, 431, 180, 5, 0.00%, 0, 0, 4, 348.79, 1087234, 335
4888, 0, 392, 431, 180, 5, 0.00%, 0, 0, 4, 355.91, 1089028, 335
4893, 0, 392, 431, 180, 5, 0.00%, 0, 0, 4, 337.41, 1090768, 335
4898, 0, 372, 431, 180, 5, 0.00%, 0, 0, 4, 340.49, 1092516, 335
4903, 0, 372, 431, 180, 5, 0.00%, 0, 0, 4, 351.23, 1094343, 335
4908, 0, 372, 431, 180, 5, 0.00%, 0, 0, 4, 359.68, 1096191, 335
4914, 0, 372, 431, 180, 5, 0.00%, 0, 0, 4, 359.61, 1098018, 335
4919, 0, 386, 431, 180, 5, 0.00%, 0, 0, 4, 353.89, 1099805, 335
4924, 0, 386, 431, 180, 5, 0.00%, 0, 0, 4, 334.88, 1101506, 335
4929, 0, 386, 431, 180, 5, 0.00%, 0, 0, 4, 298.34, 1102958, 335
4934, 0, 386, 431, 180, 5, 0.00%, 0, 0, 4, 341.00, 1104704, 335
4939, 0, 386, 431, 180, 5, 0.00%, 0, 0, 4, 357.67, 1106532, 335
4944, 0, 372, 431, 180, 5, 0.00%, 0, 0, 4, 369.37, 1108396, 335
4949, 0, 372, 431, 180, 5, 0.00%, 0, 0, 4, 362.97, 1110237, 335
4954, 0, 372, 431, 180, 5, 0.00%, 0, 0, 4, 349.89, 1112002, 335
4959, 0, 372, 431, 180, 5, 0.00%, 0, 0, 4, 354.73, 1113779, 335
4964, 0, 372, 431, 180, 5, 0.00%, 0, 0, 4, 355.42, 1115571, 335
4970, 0, 372, 431, 180, 5, 0.00%, 0, 0, 4, 358.47, 1117393, 335
4975, 0, 372, 431, 180, 5, 0.00%, 0, 0, 4, 330.65, 1119114, 335
4980, 0, 372, 431, 180, 5, 0.00%, 0, 0, 4, 348.58, 1120914, 335
4985, 0, 372, 431, 180, 5, 0.00%, 0, 0, 4, 359.04, 1122748, 335
4990, 0, 372, 431, 180, 5, 0.00%, 0, 0, 4, 355.83, 1124528, 335
4995, 0, 372, 431, 180, 5, 0.00%, 0, 0, 4, 319.08, 1126142, 335
5000, 0, 372, 431, 180, 5, 0.00%, 0, 0, 4, 360.56, 1128056, 335
5005, 0, 372, 431, 180, 5, 0.00%, 0, 0, 4, 355.95, 1129855, 335
5010, 0, 372, 431, 180, 5, 0.00%, 0, 0, 4, 354.90, 1131654, 335
5015, 0, 386, 431, 180, 5, 0.00%, 0, 0, 4, 359.58, 1133483, 335
5021, 0, 386, 431, 180, 5, 0.00%, 0, 0, 4, 358.95, 1135310, 335
5026, 0, 386, 431, 180, 5, 0.00%, 0, 0, 4, 364.49, 1137158, 335
5031, 0, 386, 431, 180, 5, 0.00%, 0, 0, 4, 358.03, 1138978, 335
5036, 0, 385, 431, 180, 5, 0.00%, 0, 0, 4, 323.23, 1140504, 335
5041, 0, 385, 431, 180, 5, 0.00%, 0, 0, 4, 354.99, 1142340, 335
5046, 0, 385, 431, 180, 5, 0.00%, 0, 0, 4, 358.65, 1144181, 335
5051, 0, 385, 431, 180, 5, 0.00%, 0, 0, 4, 362.30, 1146029, 335
5056, 0, 385, 431, 180, 5, 0.00%, 0, 0, 4, 365.07, 1147877, 335
5061, 0, 372, 431, 180, 5, 0.00%, 0, 0, 4, 371.35, 1149741, 335
5066, 0, 372, 431, 180, 5, 0.00%, 0, 0, 4, 356.34, 1151561, 335
5071, 0, 372, 431, 180, 5, 0.00%, 0, 0, 4, 317.02, 1153118, 335
5076, 0, 372, 431, 180, 5, 0.00%, 0, 0, 4, 351.90, 1154914, 335
5081, 0, 372, 431, 180, 5, 0.00%, 0, 0, 4, 359.60, 1156750, 335
5086, 0, 372, 431, 180, 5, 0.00%, 0, 0, 4, 356.18, 1158577, 335
5091, 0, 372, 431, 180, 5, 0.00%, 0, 0, 4, 363.83, 1160432, 335
5096, 0, 372, 431, 180, 5, 0.00%, 0, 0, 4, 359.25, 1162252, 335
5102, 0, 372, 431, 180, 5, 0.00%, 0, 0, 4, 366.70, 1164114, 335
5107, 0, 386, 431, 180, 5, 0.00%, 0, 0, 4, 364.63, 1165978, 335
5112, 0, 386, 431, 180, 5, 0.00%, 0, 0, 4, 358.92, 1167812, 335
5117, 0, 386, 431, 180, 5, 0.00%, 0, 0, 4, 347.70, 1169580, 335
5122, 0, 386, 431, 180, 5, 0.00%, 0, 0, 4, 349.45, 1171374, 335
5127, 0, 386, 431, 180, 5, 0.00%, 0, 0, 4, 353.74, 1173183, 335
5132, 0, 386, 431, 180, 5, 0.00%, 0, 0, 4, 326.40, 1174928, 335
5138, 0, 386, 431, 180, 5, 0.00%, 0, 0, 4, 356.84, 1176752, 335
5143, 0, 386, 431, 180, 5, 0.00%, 0, 0, 4, 357.57, 1178587, 335
5148, 0, 386, 431, 180, 5, 0.00%, 0, 0, 4, 357.92, 1180400, 335
5153, 0, 372, 431, 180, 5, 0.00%, 0, 0, 4, 355.01, 1182187, 335
5158, 0, 372, 431, 180, 5, 0.00%, 0, 0, 4, 323.56, 1183828, 335
5163, 0, 372, 431, 180, 5, 0.00%, 0, 0, 4, 319.51, 1185394, 335
5168, 0, 372, 431, 180, 5, 0.00%, 0, 0, 4, 314.17, 1187062, 335
5173, 0, 372, 431, 180, 5, 0.00%, 0, 0, 4, 317.39, 1188718, 335
5178, 0, 392, 431, 180, 5, 0.00%, 0, 0, 4, 307.09, 1190256, 335
5184, 0, 392, 431, 180, 5, 0.00%, 0, 0, 4, 313.81, 1191828, 335
5189, 0, 392, 431, 180, 5, 0.00%, 0, 0, 4, 315.22, 1193460, 335
5194, 0, 392, 431, 180, 5, 0.00%, 0, 0, 4, 333.23, 1195194, 335
5199, 0, 392, 431, 180, 5, 0.00%, 0, 0, 4, 343.71, 1196994, 335
5204, 0, 392, 431, 180, 5, 0.00%, 0, 0, 4, 342.89, 1198706, 335
5209, 0, 392, 431, 180, 5, 0.00%, 0, 0, 4, 352.30, 1200531, 335
5214, 0, 392, 431, 180, 5, 0.00%, 0, 0, 4, 347.92, 1202330, 335
5220, 0, 392, 431, 180, 5, 0.00%, 0, 0, 4, 352.61, 1204157, 335
5225, 0, 189, 431, 180, 5, 0.00%, 0, 0, 4, 334.51, 1205842, 335
5230, 0, 189, 431, 180, 5, 0.00%, 0, 0, 4, 266.52, 1207112, 335
5235, 0, 189, 431, 180, 5, 0.00%, 0, 0, 4, 254.19, 1208397, 335
5240, 0, 189, 431, 180, 5, 0.00%, 0, 0, 4, 248.99, 1209652, 335
5245, 0, 189, 431, 180, 5, 0.00%, 0, 0, 4, 242.91, 1210912, 335
5250, 0, 189, 431, 180, 5, 0.00%, 0, 0, 4, 246.84, 1212152, 335
5255, 0, 189, 431, 180, 5, 0.00%, 0, 0, 4, 249.51, 1213448, 335
5260, 0, 189, 431, 180, 5, 0.00%, 0, 0, 4, 249.64, 1214697, 335
5265, 0, 189, 431, 180, 5, 0.00%, 0, 0, 4, 242.09, 1215896, 335
5270, 0, 189, 431, 180, 5, 0.00%, 0, 0, 4, 242.08, 1217160, 335
5276, 0, 189, 431, 180, 5, 0.00%, 0, 0, 4, 243.53, 1218412, 335
5281, 0, 189, 431, 180, 5, 0.00%, 0, 0, 4, 236.01, 1219584, 335
5286, 0, 189, 431, 180, 5, 0.00%, 0, 0, 4, 234.86, 1220756, 335
5291, 0, 189, 431, 180, 5, 0.00%, 0, 0, 4, 233.05, 1221956, 335
5296, 0, 189, 431, 180, 5, 0.00%, 0, 0, 4, 235.94, 1223144, 335
5301, 0, 189, 431, 180, 5, 0.00%, 0, 0, 4, 235.17, 1224368, 335
5306, 0, 189, 431, 180, 5, 0.00%, 0, 0, 4, 236.33, 1225552, 335
5311, 0, 189, 431, 180, 5, 0.00%, 0, 0, 4, 235.58, 1226792, 335
5316, 0, 189, 431, 180, 5, 0.00%, 0, 0, 4, 234.99, 1227968, 335
5321, 0, 189, 431, 180, 5, 0.00%, 0, 0, 4, 236.55, 1229144, 335
5326, 0, 189, 431, 180, 5, 0.00%, 0, 0, 4, 240.79, 1230344, 335
5331, 0, 189, 431, 180, 5, 0.00%, 0, 0, 4, 245.23, 1231572, 335
5336, 0, 189, 431, 180, 5, 0.00%, 0, 0, 4, 249.03, 1232860, 335
5342, 0, 189, 431, 180, 5, 0.00%, 0, 0, 4, 226.95, 1233968, 335
5347, 0, 189, 431, 180, 5, 0.00%, 0, 0, 4, 237.28, 1235184, 335
5352, 0, 189, 431, 180, 5, 0.00%, 0, 0, 4, 217.01, 1236280, 335
5357, 0, 189, 431, 180, 5, 0.00%, 0, 0, 4, 219.12, 1237408, 335
5362, 0, 189, 431, 180, 5, 0.00%, 0, 0, 4, 233.61, 1238628, 335
5367, 0, 189, 431, 180, 5, 0.00%, 0, 0, 4, 232.79, 1239792, 335
5372, 0, 189, 431, 180, 5, 0.00%, 0, 0, 4, 233.75, 1241008, 335
5377, 0, 189, 431, 180, 5, 0.00%, 0, 0, 4, 231.30, 1242184, 335
5382, 0, 189, 431, 180, 5, 0.00%, 0, 0, 4, 228.56, 1243312, 335
5388, 0, 189, 431, 180, 5, 0.00%, 0, 0, 4, 236.31, 1244532, 335
5392, 0, 189, 431, 180, 5, 0.00%, 0, 0, 4, 226.72, 1245441, 335
