# relative_time, cycles_done, cur_path, paths_total, pending_total, pending_favs, map_size, unique_crashes, unique_hangs, max_depth, execs_per_sec, total_execs, edges_found
60, 0, 378, 383, 165, 28, 0.00%, 0, 0, 3, 337.86, 18938, 324
65, 0, 378, 383, 165, 28, 0.00%, 0, 0, 3, 342.59, 20660, 324
71, 0, 378, 383, 165, 28, 0.00%, 0, 0, 3, 340.96, 22442, 324
76, 0, 378, 383, 165, 28, 0.00%, 0, 0, 3, 340.50, 24158, 324
81, 0, 367, 383, 164, 27, 0.00%, 0, 0, 3, 335.10, 25842, 324
86, 0, 367, 383, 164, 27, 0.00%, 0, 0, 3, 341.73, 27570, 324
91, 0, 367, 383, 164, 27, 0.00%, 0, 0, 3, 342.31, 29292, 324
96, 0, 149, 384, 164, 26, 0.00%, 0, 0, 3, 341.29, 31071, 326
101, 0, 149, 384, 164, 26, 0.00%, 0, 0, 3, 347.40, 32823, 326
106, 0, 149, 384, 164, 26, 0.00%, 0, 0, 3, 340.81, 34522, 326
111, 0, 149, 384, 164, 26, 0.00%, 0, 0, 3, 341.88, 36244, 326
116, 0, 383, 384, 163, 25, 0.00%, 0, 0, 3, 341.12, 37949, 326
121, 0, 383, 384, 163, 25, 0.00%, 0, 0, 3, 331.98, 39629, 326
126, 0, 383, 384, 163, 25, 0.00%, 0, 0, 3, 329.77, 41261, 326
131, 0, 383, 384, 163, 25, 0.00%, 0, 0, 3, 343.09, 42989, 326
136, 0, 16, 385, 163, 24, 0.00%, 0, 0, 3, 279.17, 44323, 343
141, 0, 16, 385, 163, 24, 0.00%, 0, 0, 3, 225.38, 45355, 343
146, 0, 16, 385, 163, 24, 0.00%, 0, 0, 3, 205.67, 46275, 343
152, 0, 16, 385, 163, 24, 0.00%, 0, 0, 3, 220.47, 47103, 343
157, 0, 16, 385, 163, 24, 0.00%, 0, 0, 3, 256.67, 48068, 343
162, 0, 16, 385, 163, 24, 0.00%, 0, 0, 3, 25.73, 48916, 343
167, 0, 16, 385, 163, 24, 0.00%, 0, 0, 3, 14.16, 49488, 343
172, 0, 16, 385, 163, 24, 0.00%, 0, 0, 3, 90.31, 49968, 343
177, 0, 16, 385, 163, 24, 0.00%, 0, 0, 3, 118.07, 50523, 343
182, 0, 16, 385, 163, 24, 0.00%, 0, 0, 3, 247.36, 51619, 343
187, 0, 16, 385, 163, 24, 0.00%, 0, 0, 3, 255.30, 52908, 343
192, 0, 16, 385, 163, 24, 0.00%, 0, 0, 3, 261.96, 54233, 343
197, 0, 16, 385, 163, 24, 0.00%, 0, 0, 3, 261.14, 55533, 343
202, 0, 16, 385, 163, 24, 0.00%, 0, 0, 3, 261.77, 56843, 343
208, 0, 16, 385, 163, 24, 0.00%, 0, 0, 3, 264.23, 58183, 343
213, 0, 16, 385, 163, 24, 0.00%, 0, 0, 3, 265.10, 59518, 343
218, 0, 16, 385, 163, 24, 0.00%, 0, 0, 3, 268.75, 60863, 343
223, 0, 384, 385, 162, 24, 0.00%, 0, 0, 3, 255.68, 62147, 343
228, 0, 384, 385, 162, 24, 0.00%, 0, 0, 3, 254.30, 63427, 343
233, 0, 384, 385, 162, 24, 0.00%, 0, 0, 3, 248.84, 64721, 343
238, 0, 384, 385, 162, 24, 0.00%, 0, 0, 3, 252.63, 65992, 343
243, 0, 384, 385, 162, 24, 0.00%, 0, 0, 3, 248.14, 67257, 343
248, 0, 384, 385, 162, 24, 0.00%, 0, 0, 3, 254.15, 68587, 343
253, 0, 384, 385, 162, 24, 0.00%, 0, 0, 3, 270.36, 69952, 343
258, 0, 384, 385, 162, 24, 0.00%, 0, 0, 3, 266.99, 71302, 343
263, 0, 384, 385, 162, 24, 0.00%, 0, 0, 3, 257.94, 72557, 343
268, 0, 384, 385, 162, 24, 0.00%, 0, 0, 3, 267.64, 73842, 343
274, 0, 384, 385, 162, 24, 0.00%, 0, 0, 3, 245.29, 75017, 343
279, 0, 384, 385, 162, 24, 0.00%, 0, 0, 3, 264.51, 76217, 343
284, 0, 384, 385, 162, 24, 0.00%, 0, 0, 3, 259.34, 77292, 343
289, 0, 384, 385, 162, 24, 0.00%, 0, 0, 3, 225.44, 78293, 343
294, 0, 384, 385, 162, 24, 0.00%, 0, 0, 3, 245.86, 79325, 343
300, 0, 384, 385, 162, 24, 0.00%, 0, 0, 3, 256.23, 80647, 343
305, 0, 384, 385, 162, 24, 0.00%, 0, 0, 3, 268.14, 81987, 343
310, 0, 384, 385, 162, 24, 0.00%, 0, 0, 3, 274.49, 83357, 343
315, 0, 384, 385, 162, 24, 0.00%, 0, 0, 3, 280.47, 84772, 343
320, 0, 384, 385, 162, 24, 0.00%, 0, 0, 3, 275.75, 86162, 343
325, 0, 384, 385, 162, 24, 0.00%, 0, 0, 3, 257.72, 87442, 343
330, 0, 384, 385, 162, 24, 0.00%, 0, 0, 3, 235.09, 88601, 343
335, 0, 384, 385, 162, 24, 0.00%, 0, 0, 3, 240.25, 89801, 343
340, 0, 384, 385, 162, 24, 0.00%, 0, 0, 3, 254.67, 91097, 343
345, 0, 384, 385, 162, 24, 0.00%, 0, 0, 3, 251.37, 92392, 343
350, 0, 384, 385, 162, 24, 0.00%, 0, 0, 3, 256.97, 93677, 343
355, 0, 338, 387, 163, 23, 0.00%, 0, 0, 3, 237.08, 94868, 343
360, 0, 338, 387, 163, 23, 0.00%, 0, 0, 3, 219.18, 95928, 343
365, 0, 338, 387, 163, 23, 0.00%, 0, 0, 3, 219.36, 97028, 343
370, 0, 338, 387, 163, 23, 0.00%, 0, 0, 3, 207.80, 98100, 343
376, 0, 338, 387, 163, 23, 0.00%, 0, 0, 3, 212.00, 99184, 343
381, 0, 338, 387, 163, 23, 0.00%, 0, 0, 3, 213.20, 100292, 343
386, 0, 338, 387, 163, 23, 0.00%, 0, 0, 3, 218.03, 101400, 343
391, 0, 338, 387, 163, 23, 0.00%, 0, 0, 3, 221.88, 102512, 343
396, 0, 338, 387, 163, 23, 0.00%, 0, 0, 3, 213.86, 103576, 343
401, 0, 338, 387, 163, 23, 0.00%, 0, 0, 3, 207.38, 104617, 343
406, 0, 338, 387, 163, 23, 0.00%, 0, 0, 3, 221.48, 105741, 343
411, 0, 338, 387, 163, 23, 0.00%, 0, 0, 3, 226.22, 106917, 343
416, 0, 338, 387, 163, 23, 0.00%, 0, 0, 3, 220.63, 108017, 343
421, 0, 338, 387, 163, 23, 0.00%, 0, 0, 3, 221.96, 109173, 343
426, 0, 338, 387, 163, 23, 0.00%, 0, 0, 3, 221.79, 110333, 343
431, 0, 338, 387, 163, 23, 0.00%, 0, 0, 3, 222.36, 111457, 343
436, 0, 338, 387, 163, 23, 0.00%, 0, 0, 3, 216.25, 112541, 343
442, 0, 338, 387, 163, 23, 0.00%, 0, 0, 3, 215.70, 113633, 343
447, 0, 338, 387, 163, 23, 0.00%, 0, 0, 3, 221.97, 114753, 343
452, 0, 338, 387, 163, 23, 0.00%, 0, 0, 3, 222.70, 115909, 343
457, 0, 338, 387, 163, 23, 0.00%, 0, 0, 3, 221.05, 117061, 343
462, 0, 338, 387, 163, 23, 0.00%, 0, 0, 3, 221.94, 118229, 343
467, 0, 338, 387, 163, 23, 0.00%, 0, 0, 3, 208.87, 119305, 343
472, 0, 338, 387, 163, 23, 0.00%, 0, 0, 3, 205.68, 120305, 343
478, 0, 338, 387, 163, 23, 0.00%, 0, 0, 3, 215.14, 121381, 343
483, 0, 338, 387, 163, 23, 0.00%, 0, 0, 3, 239.27, 122429, 343
488, 0, 338, 387, 163, 23, 0.00%, 0, 0, 3, 216.40, 123537, 343
493, 0, 338, 387, 163, 23, 0.00%, 0, 0, 3, 212.29, 124605, 343
498, 0, 338, 387, 163, 23, 0.00%, 0, 0, 3, 216.29, 125673, 343
503, 0, 338, 387, 163, 23, 0.00%, 0, 0, 3, 220.00, 126753, 343
508, 0, 338, 387, 163, 23, 0.00%, 0, 0, 3, 4.77, 127278, 343
513, 0, 197, 389, 164, 22, 0.00%, 0, 0, 3, 329.09, 128967, 344
518, 0, 197, 389, 164, 22, 0.00%, 0, 0, 3, 358.07, 130863, 344
524, 0, 197, 389, 164, 22, 0.00%, 0, 0, 3, 359.71, 132704, 344
529, 0, 197, 389, 164, 22, 0.00%, 0, 0, 3, 383.72, 134713, 344
534, 0, 388, 389, 163, 22, 0.00%, 0, 0, 3, 382.30, 136618, 344
539, 0, 388, 389, 163, 22, 0.00%, 0, 0, 3, 387.25, 138592, 344
544, 0, 388, 389, 163, 22, 0.00%, 0, 0, 3, 375.86, 140545, 344
549, 0, 388, 389, 163, 22, 0.00%, 0, 0, 3, 352.37, 142309, 344
554, 0, 11, 390, 163, 21, 0.00%, 0, 0, 3, 337.48, 144018, 345
559, 0, 11, 391, 164, 21, 0.00%, 0, 0, 3, 320.88, 145664, 346
565, 0, 11, 392, 165, 21, 0.00%, 0, 0, 3, 319.91, 147334, 347
570, 0, 11, 392, 165, 21, 0.00%, 0, 0, 3, 315.20, 148924, 347
575, 0, 11, 392, 165, 21, 0.00%, 0, 0, 3, 312.92, 150514, 347
580, 0, 41, 392, 164, 23, 0.00%, 0, 0, 3, 310.34, 152082, 347
585, 0, 41, 392, 164, 23, 0.00%, 0, 0, 3, 348.65, 153833, 347
590, 0, 41, 392, 164, 23, 0.00%, 0, 0, 3, 347.70, 155645, 347
595, 0, 41, 392, 164, 23, 0.00%, 0, 0, 3, 345.37, 157373, 347
600, 0, 41, 392, 164, 23, 0.00%, 0, 0, 3, 345.91, 159173, 347
605, 0, 391, 392, 163, 22, 0.00%, 0, 0, 3, 331.43, 160842, 347
610, 0, 391, 392, 163, 22, 0.00%, 0, 0, 3, 316.65, 162420, 347
615, 0, 391, 392, 163, 22, 0.00%, 0, 0, 3, 315.49, 164016, 347
620, 0, 391, 392, 163, 22, 0.00%, 0, 0, 3, 317.48, 165636, 347
625, 0, 391, 392, 163, 22, 0.00%, 0, 0, 3, 342.24, 167352, 347
630, 0, 376, 393, 163, 21, 0.00%, 0, 0, 3, 326.93, 168976, 348
636, 0, 376, 393, 163, 21, 0.00%, 0, 0, 3, 384.89, 171026, 348
641, 0, 376, 393, 163, 21, 0.00%, 0, 0, 3, 384.30, 172972, 348
646, 0, 376, 393, 163, 21, 0.00%, 0, 0, 3, 382.91, 174904, 348
651, 0, 214, 393, 162, 21, 0.00%, 0, 0, 3, 363.80, 176817, 348
656, 0, 214, 393, 162, 21, 0.00%, 0, 0, 3, 285.78, 178159, 348
661, 0, 214, 393, 162, 21, 0.00%, 0, 0, 3, 271.62, 179509, 348
666, 0, 214, 394, 163, 21, 0.00%, 0, 0, 3, 267.06, 180842, 349
671, 0, 214, 394, 163, 21, 0.00%, 0, 0, 3, 268.85, 182242, 349
676, 0, 214, 394, 163, 21, 0.00%, 0, 0, 3, 239.10, 183514, 349
681, 0, 214, 394, 163, 21, 0.00%, 0, 0, 3, 237.30, 184698, 349
686, 0, 214, 394, 163, 21, 0.00%, 0, 0, 3, 247.88, 185954, 349
692, 0, 214, 394, 163, 21, 0.00%, 0, 0, 3, 248.62, 187226, 349
697, 0, 214, 394, 163, 21, 0.00%, 0, 0, 3, 256.43, 188537, 349
702, 0, 214, 394, 163, 21, 0.00%, 0, 0, 3, 263.76, 189902, 349
707, 0, 214, 394, 163, 21, 0.00%, 0, 0, 3, 255.87, 191192, 349
712, 0, 214, 394, 163, 21, 0.00%, 0, 0, 3, 258.64, 192487, 349
717, 0, 214, 394, 163, 21, 0.00%, 0, 0, 3, 260.43, 193857, 349
722, 0, 214, 394, 163, 21, 0.00%, 0, 0, 3, 251.51, 195112, 349
727, 0, 214, 394, 163, 21, 0.00%, 0, 0, 3, 241.40, 196330, 349
732, 0, 214, 394, 163, 21, 0.00%, 0, 0, 3, 257.92, 197667, 349
737, 0, 214, 394, 163, 21, 0.00%, 0, 0, 3, 268.58, 199042, 349
742, 0, 214, 394, 163, 21, 0.00%, 0, 0, 3, 263.99, 200367, 349
748, 0, 299, 394, 162, 21, 0.00%, 0, 0, 3, 216.64, 201454, 349
753, 0, 299, 398, 166, 21, 0.00%, 0, 0, 3, 194.78, 202395, 350
758, 0, 299, 398, 166, 21, 0.00%, 0, 0, 3, 188.21, 203352, 350
763, 0, 299, 400, 168, 21, 0.00%, 0, 0, 3, 194.48, 204250, 351
768, 0, 299, 400, 168, 21, 0.00%, 0, 0, 3, 203.93, 205294, 351
773, 0, 299, 400, 168, 21, 0.00%, 0, 0, 3, 202.69, 206306, 351
778, 0, 299, 400, 168, 21, 0.00%, 0, 0, 3, 194.98, 207217, 351
783, 0, 299, 400, 168, 21, 0.00%, 0, 0, 3, 203.61, 208250, 351
788, 0, 299, 400, 168, 21, 0.00%, 0, 0, 3, 186.65, 209137, 351
793, 0, 299, 400, 168, 21, 0.00%, 0, 0, 3, 198.68, 210148, 351
798, 0, 299, 400, 168, 21, 0.00%, 0, 0, 3, 209.50, 211238, 351
803, 0, 299, 400, 168, 21, 0.00%, 0, 0, 3, 200.44, 212254, 351
809, 0, 299, 400, 168, 21, 0.00%, 0, 0, 3, 207.64, 213342, 351
814, 0, 299, 400, 168, 21, 0.00%, 0, 0, 3, 212.03, 214410, 351
819, 0, 299, 400, 168, 21, 0.00%, 0, 0, 3, 214.53, 215482, 351
824, 0, 299, 400, 168, 21, 0.00%, 0, 0, 3, 213.90, 216562, 351
829, 0, 299, 400, 168, 21, 0.00%, 0, 0, 3, 213.99, 217606, 351
834, 0, 299, 400, 168, 21, 0.00%, 0, 0, 3, 215.35, 218722, 351
839, 0, 299, 400, 168, 21, 0.00%, 0, 0, 3, 211.66, 219782, 351
844, 0, 299, 400, 168, 21, 0.00%, 0, 0, 3, 207.65, 220802, 351
849, 0, 299, 400, 168, 21, 0.00%, 0, 0, 3, 202.02, 221806, 351
854, 0, 299, 400, 168, 21, 0.00%, 0, 0, 3, 199.25, 222734, 351
859, 0, 299, 400, 168, 21, 0.00%, 0, 0, 3, 201.04, 223746, 351
864, 0, 299, 400, 168, 21, 0.00%, 0, 0, 3, 208.84, 224822, 351
869, 0, 299, 401, 169, 21, 0.00%, 0, 0, 3, 204.93, 225846, 352
874, 0, 299, 401, 169, 21, 0.00%, 0, 0, 3, 194.17, 226718, 352
880, 0, 299, 401, 169, 21, 0.00%, 0, 0, 3, 188.85, 227643, 352
885, 0, 299, 401, 169, 21, 0.00%, 0, 0, 3, 178.97, 228537, 352
890, 0, 299, 401, 169, 21, 0.00%, 0, 0, 3, 198.68, 229139, 352
895, 0, 299, 401, 169, 21, 0.00%, 0, 0, 3, 204.15, 229999, 352
900, 0, 299, 401, 169, 21, 0.00%, 0, 0, 3, 192.69, 230668, 352
905, 0, 299, 401, 169, 21, 0.00%, 0, 0, 3, 203.98, 231432, 352
910, 0, 299, 402, 170, 21, 0.00%, 0, 0, 3, 202.98, 232471, 352
915, 0, 299, 402, 170, 21, 0.00%, 0, 0, 3, 208.92, 233519, 352
920, 0, 389, 402, 169, 23, 0.00%, 0, 0, 3, 229.75, 234648, 352
925, 0, 389, 402, 169, 23, 0.00%, 0, 0, 3, 266.46, 236031, 352
931, 0, 389, 402, 169, 23, 0.00%, 0, 0, 3, 274.63, 237416, 352
936, 0, 389, 402, 169, 23, 0.00%, 0, 0, 3, 277.10, 238806, 352
941, 0, 389, 402, 169, 23, 0.00%, 0, 0, 3, 276.31, 240196, 352
946, 0, 389, 402, 169, 23, 0.00%, 0, 0, 3, 277.17, 241591, 352
951, 0, 396, 402, 168, 22, 0.00%, 0, 0, 3, 246.39, 242859, 352
956, 0, 396, 402, 168, 22, 0.00%, 0, 0, 3, 218.37, 243914, 352
961, 0, 396, 402, 168, 22, 0.00%, 0, 0, 3, 211.60, 244998, 352
966, 0, 396, 402, 168, 22, 0.00%, 0, 0, 3, 208.77, 246046, 352
971, 0, 396, 402, 168, 22, 0.00%, 0, 0, 3, 208.70, 247098, 352
976, 0, 396, 402, 168, 22, 0.00%, 0, 0, 3, 210.29, 248162, 352
981, 0, 396, 402, 168, 22, 0.00%, 0, 0, 3, 210.48, 249226, 352
986, 0, 396, 402, 168, 22, 0.00%, 0, 0, 3, 207.45, 250262, 352
991, 0, 396, 402, 168, 22, 0.00%, 0, 0, 3, 211.18, 251326, 352
996, 0, 396, 402, 168, 22, 0.00%, 0, 0, 3, 212.61, 252402, 352
1001, 0, 396, 402, 168, 22, 0.00%, 0, 0, 3, 208.73, 253482, 352
1006, 0, 396, 402, 168, 22, 0.00%, 0, 0, 3, 206.55, 254526, 352
1011, 0, 396, 402, 168, 22, 0.00%, 0, 0, 3, 207.19, 255578, 352
1016, 0, 396, 402, 168, 22, 0.00%, 0, 0, 3, 202.37, 256602, 352
1021, 0, 396, 402, 168, 22, 0.00%, 0, 0, 3, 201.94, 257646, 352
1027, 0, 396, 402, 168, 22, 0.00%, 0, 0, 3, 196.36, 258625, 352
1032, 0, 396, 402, 168, 22, 0.00%, 0, 0, 3, 152.31, 259440, 352
1037, 0, 396, 402, 168, 22, 0.00%, 0, 0, 3, 176.87, 260356, 352
1042, 0, 396, 402, 168, 22, 0.00%, 0, 0, 3, 191.41, 261355, 352
1048, 0, 396, 402, 168, 22, 0.00%, 0, 0, 3, 28.49, 262063, 352
1053, 0, 396, 402, 168, 22, 0.00%, 0, 0, 3, 186.42, 262717, 352
1058, 0, 396, 402, 168, 22, 0.00%, 0, 0, 3, 169.86, 263494, 352
1063, 0, 396, 402, 168, 22, 0.00%, 0, 0, 3, 162.51, 264256, 352
1068, 0, 396, 402, 168, 22, 0.00%, 0, 0, 3, 186.65, 265219, 352
1073, 0, 396, 402, 168, 22, 0.00%, 0, 0, 3, 200.71, 266278, 352
1078, 0, 396, 402, 168, 22, 0.00%, 0, 0, 3, 197.56, 267277, 352
1083, 0, 396, 402, 168, 22, 0.00%, 0, 0, 3, 207.02, 268218, 352
1088, 0, 396, 402, 168, 22, 0.00%, 0, 0, 3, 185.51, 269005, 352
1094, 0, 396, 402, 168, 22, 0.00%, 0, 0, 3, 198.22, 270004, 352
1099, 0, 396, 402, 168, 22, 0.00%, 0, 0, 3, 186.81, 270964, 352
1104, 0, 396, 402, 168, 22, 0.00%, 0, 0, 3, 197.99, 271996, 352
1109, 0, 396, 402, 168, 22, 0.00%, 0, 0, 3, 190.14, 272953, 352
1114, 0, 396, 402, 168, 22, 0.00%, 0, 0, 3, 187.67, 273910, 352
1119, 0, 396, 402, 168, 22, 0.00%, 0, 0, 3, 196.59, 274933, 352
1124, 0, 379, 402, 167, 21, 0.00%, 0, 0, 3, 277.94, 276302, 352
1129, 0, 379, 402, 167, 21, 0.00%, 0, 0, 3, 327.00, 278014, 352
1134, 0, 379, 402, 167, 21, 0.00%, 0, 0, 3, 336.89, 279736, 352
1139, 0, 379, 402, 167, 21, 0.00%, 0, 0, 3, 337.79, 281458, 352
1145, 0, 379, 402, 167, 21, 0.00%, 0, 0, 3, 339.10, 283180, 352
1150, 0, 17, 402, 166, 20, 0.00%, 0, 0, 3, 338.45, 284886, 352
1155, 0, 17, 402, 166, 20, 0.00%, 0, 0, 3, 339.09, 286614, 352
1160, 0, 17, 402, 166, 20, 0.00%, 0, 0, 3, 338.53, 288324, 352
1165, 0, 17, 402, 166, 20, 0.00%, 0, 0, 3, 336.25, 290034, 352
1170, 0, 17, 402, 166, 20, 0.00%, 0, 0, 3, 337.12, 291756, 352
1175, 0, 13, 402, 165, 19, 0.00%, 0, 0, 3, 280.08, 293084, 352
1180, 0, 13, 402, 165, 19, 0.00%, 0, 0, 3, 266.51, 294454, 352
1185, 0, 13, 402, 165, 19, 0.00%, 0, 0, 3, 269.01, 295844, 352
1191, 0, 13, 402, 165, 19, 0.00%, 0, 0, 3, 273.72, 297264, 352
1196, 0, 13, 402, 165, 19, 0.00%, 0, 0, 3, 270.63, 298669, 352
1201, 0, 13, 402, 165, 19, 0.00%, 0, 0, 3, 275.09, 300104, 352
1206, 0, 13, 402, 165, 19, 0.00%, 0, 0, 3, 268.17, 301479, 352
1211, 0, 13, 402, 165, 19, 0.00%, 0, 0, 3, 272.55, 302849, 352
1216, 0, 13, 402, 165, 19, 0.00%, 0, 0, 3, 276.90, 304234, 352
1221, 0, 13, 402, 165, 19, 0.00%, 0, 0, 3, 283.49, 305669, 352
1226, 0, 13, 402, 165, 19, 0.00%, 0, 0, 3, 276.73, 307059, 352
1231, 0, 13, 402, 165, 19, 0.00%, 0, 0, 3, 280.37, 308479, 352
1236, 0, 13, 402, 165, 19, 0.00%, 0, 0, 3, 271.47, 309784, 352
1241, 0, 13, 402, 165, 19, 0.00%, 0, 0, 3, 279.60, 311239, 352
1246, 0, 13, 402, 165, 19, 0.00%, 0, 0, 3, 259.54, 312509, 352
1252, 0, 13, 402, 165, 19, 0.00%, 0, 0, 3, 271.53, 313889, 352
1257, 0, 13, 402, 165, 19, 0.00%, 0, 0, 3, 247.20, 315134, 352
1262, 0, 13, 402, 165, 19, 0.00%, 0, 0, 3, 205.48, 316061, 352
1267, 0, 398, 403, 165, 18, 0.00%, 0, 0, 3, 8.86, 316778, 353
1272, 0, 398, 403, 165, 18, 0.00%, 0, 0, 3, 155.78, 317438, 353
1277, 0, 398, 403, 165, 18, 0.00%, 0, 0, 3, 206.35, 318564, 353
1282, 0, 398, 403, 165, 18, 0.00%, 0, 0, 3, 218.05, 319676, 353
1287, 0, 398, 404, 166, 18, 0.00%, 0, 0, 3, 213.88, 320748, 353
1292, 0, 398, 404, 166, 18, 0.00%, 0, 0, 3, 221.32, 321868, 353
1297, 0, 398, 404, 166, 18, 0.00%, 0, 0, 3, 220.18, 323016, 353
1302, 0, 398, 404, 166, 18, 0.00%, 0, 0, 3, 217.76, 324100, 353
1308, 0, 398, 404, 166, 18, 0.00%, 0, 0, 3, 216.75, 325232, 353
1313, 0, 398, 404, 166, 18, 0.00%, 0, 0, 3, 219.19, 326336, 353
1318, 0, 398, 404, 166, 18, 0.00%, 0, 0, 3, 219.24, 327436, 353
1323, 0, 398, 404, 166, 18, 0.00%, 0, 0, 3, 214.76, 328544, 353
1328, 0, 398, 404, 166, 18, 0.00%, 0, 0, 3, 212.35, 329640, 353
1333, 0, 398, 404, 166, 18, 0.00%, 0, 0, 3, 212.11, 330704, 353
1338, 0, 398, 404, 166, 18, 0.00%, 0, 0, 3, 213.56, 331776, 353
1343, 0, 398, 404, 166, 18, 0.00%, 0, 0, 3, 209.97, 332824, 353
1348, 0, 398, 404, 166, 18, 0.00%, 0, 0, 3, 213.47, 333896, 353
1353, 0, 398, 404, 166, 18, 0.00%, 0, 0, 3, 208.90, 334968, 353
1358, 0, 398, 404, 166, 18, 0.00%, 0, 0, 3, 205.23, 335968, 353
1363, 0, 398, 404, 166, 18, 0.00%, 0, 0, 3, 212.30, 337076, 353
1368, 0, 398, 404, 166, 18, 0.00%, 0, 0, 3, 203.31, 338100, 353
1374, 0, 398, 404, 166, 18, 0.00%, 0, 0, 3, 203.97, 339144, 353
1379, 0, 398, 404, 166, 18, 0.00%, 0, 0, 3, 208.87, 340240, 353
1384, 0, 398, 404, 166, 18, 0.00%, 0, 0, 3, 210.66, 341296, 353
1389, 0, 398, 404, 166, 18, 0.00%, 0, 0, 3, 207.93, 342336, 353
1394, 0, 398, 404, 166, 18, 0.00%, 0, 0, 3, 203.42, 343400, 353
1399, 0, 398, 404, 166, 18, 0.00%, 0, 0, 3, 208.27, 344452, 353
1404, 0, 398, 404, 166, 18, 0.00%, 0, 0, 3, 197.10, 345400, 353
1409, 0, 398, 404, 166, 18, 0.00%, 0, 0, 3, 204.47, 346452, 353
1414, 0, 398, 404, 166, 18, 0.00%, 0, 0, 3, 210.68, 347512, 353
1419, 0, 398, 404, 166, 18, 0.00%, 0, 0, 3, 211.69, 348584, 353
1424, 0, 362, 404, 165, 18, 0.00%, 0, 0, 3, 227.42, 349706, 353
1430, 0, 362, 404, 165, 18, 0.00%, 0, 0, 3, 250.54, 351030, 353
1435, 0, 362, 404, 165, 18, 0.00%, 0, 0, 3, 245.44, 352250, 353
1440, 0, 362, 404, 165, 18, 0.00%, 0, 0, 3, 256.01, 353542, 353
1445, 0, 362, 404, 165, 18, 0.00%, 0, 0, 3, 254.26, 354812, 353
1450, 0, 362, 404, 165, 18, 0.00%, 0, 0, 3, 259.15, 356157, 353
1455, 0, 362, 404, 165, 18, 0.00%, 0, 0, 3, 251.16, 357487, 353
1460, 0, 362, 404, 165, 18, 0.00%, 0, 0, 3, 256.31, 358797, 353
1465, 0, 362, 404, 165, 18, 0.00%, 0, 0, 3, 257.13, 360097, 353
1470, 0, 362, 404, 165, 18, 0.00%, 0, 0, 3, 248.92, 361352, 353
1475, 0, 362, 404, 165, 18, 0.00%, 0, 0, 3, 250.45, 362592, 353
1481, 0, 362, 404, 165, 18, 0.00%, 0, 0, 3, 257.20, 363947, 353
1486, 0, 362, 404, 165, 18, 0.00%, 0, 0, 3, 257.65, 365257, 353
1491, 0, 362, 404, 165, 18, 0.00%, 0, 0, 3, 245.41, 366475, 353
1496, 0, 362, 404, 165, 18, 0.00%, 0, 0, 3, 245.11, 367723, 353
1501, 0, 362, 404, 165, 18, 0.00%, 0, 0, 3, 250.21, 369038, 353
1506, 0, 362, 404, 165, 18, 0.00%, 0, 0, 3, 251.00, 370303, 353
1511, 0, 362, 404, 165, 18, 0.00%, 0, 0, 3, 226.56, 371391, 353
1516, 0, 362, 404, 165, 18, 0.00%, 0, 0, 3, 237.88, 372635, 353
1521, 0, 362, 404, 165, 18, 0.00%, 0, 0, 3, 234.86, 373799, 353
1526, 0, 362, 404, 165, 18, 0.00%, 0, 0, 3, 250.74, 375068, 353
1531, 0, 362, 404, 165, 18, 0.00%, 0, 0, 3, 249.68, 376363, 353
1536, 0, 362, 404, 165, 18, 0.00%, 0, 0, 3, 255.40, 377663, 353
1541, 0, 362, 404, 165, 18, 0.00%, 0, 0, 3, 241.34, 378815, 353
1546, 0, 362, 404, 165, 18, 0.00%, 0, 0, 3, 253.65, 380108, 353
1552, 0, 362, 404, 165, 18, 0.00%, 0, 0, 3, 257.95, 381418, 353
1557, 0, 191, 405, 165, 17, 0.00%, 0, 0, 3, 268.41, 382679, 354
1562, 0, 191, 405, 165, 17, 0.00%, 0, 0, 3, 313.29, 384341, 354
1567, 0, 191, 405, 165, 17, 0.00%, 0, 0, 3, 328.95, 386027, 354
1572, 0, 191, 405, 165, 17, 0.00%, 0, 0, 3, 331.57, 387743, 354
1577, 0, 191, 405, 165, 17, 0.00%, 0, 0, 3, 330.78, 389405, 354
1582, 0, 309, 407, 166, 17, 0.00%, 0, 0, 3, 262.43, 390755, 354
1587, 0, 309, 407, 166, 17, 0.00%, 0, 0, 3, 213.04, 391723, 354
1592, 0, 309, 407, 166, 17, 0.00%, 0, 0, 3, 207.24, 392647, 354
1597, 0, 309, 407, 166, 17, 0.00%, 0, 0, 3, 202.54, 393679, 354
1602, 0, 309, 407, 166, 17, 0.00%, 0, 0, 3, 210.41, 394739, 354
1607, 0, 309, 407, 166, 17, 0.00%, 0, 0, 3, 210.39, 395803, 354
1613, 0, 309, 407, 166, 17, 0.00%, 0, 0, 3, 215.30, 396919, 354
1618, 0, 309, 407, 166, 17, 0.00%, 0, 0, 3, 214.82, 398031, 354
1623, 0, 309, 407, 166, 17, 0.00%, 0, 0, 3, 218.04, 399139, 354
1628, 0, 309, 407, 166, 17, 0.00%, 0, 0, 3, 215.05, 400207, 354
1633, 0, 309, 407, 166, 17, 0.00%, 0, 0, 3, 215.06, 401319, 354
1638, 0, 309, 407, 166, 17, 0.00%, 0, 0, 3, 216.17, 402443, 354
1643, 0, 309, 407, 166, 17, 0.00%, 0, 0, 3, 213.82, 403515, 354
1648, 0, 309, 407, 166, 17, 0.00%, 0, 0, 3, 214.81, 404632, 354
1653, 0, 309, 407, 166, 17, 0.00%, 0, 0, 3, 215.39, 405712, 354
1658, 0, 309, 407, 166, 17, 0.00%, 0, 0, 3, 216.30, 406804, 354
1664, 0, 309, 407, 166, 17, 0.00%, 0, 0, 3, 215.16, 407876, 354
1669, 0, 309, 407, 166, 17, 0.00%, 0, 0, 3, 212.77, 408944, 354
1674, 0, 309, 407, 166, 17, 0.00%, 0, 0, 3, 192.77, 409913, 354
1679, 0, 309, 407, 166, 17, 0.00%, 0, 0, 3, 198.06, 410909, 354
1684, 0, 309, 407, 166, 17, 0.00%, 0, 0, 3, 213.03, 411812, 354
1689, 0, 309, 407, 166, 17, 0.00%, 0, 0, 3, 199.33, 412776, 354
1694, 0, 309, 407, 166, 17, 0.00%, 0, 0, 3, 208.53, 413840, 354
1699, 0, 309, 407, 166, 17, 0.00%, 0, 0, 3, 213.42, 414920, 354
1704, 0, 309, 408, 167, 17, 0.00%, 0, 0, 3, 210.90, 415952, 355
1709, 0, 309, 408, 167, 17, 0.00%, 0, 0, 3, 208.42, 417000, 355
1714, 0, 309, 408, 167, 17, 0.00%, 0, 0, 3, 207.35, 418056, 355
1719, 0, 309, 408, 167, 17, 0.00%, 0, 0, 3, 214.58, 419176, 355
1724, 0, 309, 408, 167, 17, 0.00%, 0, 0, 3, 215.31, 420288, 355
1730, 0, 309, 408, 167, 17, 0.00%, 0, 0, 3, 213.40, 421364, 355
1735, 0, 309, 408, 167, 17, 0.00%, 0, 0, 3, 216.54, 422388, 355
1740, 0, 393, 409, 167, 17, 0.00%, 0, 0, 3, 227.44, 423500, 355
1745, 0, 393, 409, 167, 17, 0.00%, 0, 0, 3, 265.75, 424888, 355
1750, 0, 393, 409, 167, 17, 0.00%, 0, 0, 3, 267.91, 426233, 355
1755, 0, 393, 409, 167, 17, 0.00%, 0, 0, 3, 276.68, 427633, 355
1760, 0, 393, 409, 167, 17, 0.00%, 0, 0, 3, 273.71, 429043, 355
1765, 0, 393, 409, 167, 17, 0.00%, 0, 0, 3, 271.53, 430403, 355
1770, 0, 393, 409, 167, 17, 0.00%, 0, 0, 3, 257.92, 431733, 355
1775, 0, 393, 409, 167, 17, 0.00%, 0, 0, 3, 263.06, 433078, 355
1780, 0, 393, 409, 167, 17, 0.00%, 0, 0, 3, 240.33, 434312, 355
1785, 0, 393, 409, 167, 17, 0.00%, 0, 0, 3, 251.59, 435593, 355
1791, 0, 393, 409, 167, 17, 0.00%, 0, 0, 3, 260.68, 436978, 355
1796, 0, 393, 409, 167, 17, 0.00%, 0, 0, 3, 236.30, 438152, 355
1801, 0, 393, 409, 167, 17, 0.00%, 0, 0, 3, 225.54, 439216, 355
1806, 0, 393, 409, 167, 17, 0.00%, 0, 0, 3, 229.92, 440352, 355
1811, 0, 393, 409, 167, 17, 0.00%, 0, 0, 3, 245.07, 441564, 355
1816, 0, 393, 409, 167, 17, 0.00%, 0, 0, 3, 269.20, 442963, 355
1821, 0, 393, 409, 167, 17, 0.00%, 0, 0, 3, 275.04, 444353, 355
1826, 0, 393, 409, 167, 17, 0.00%, 0, 0, 3, 273.11, 445718, 355
1831, 0, 393, 409, 167, 17, 0.00%, 0, 0, 3, 279.01, 447128, 355
1836, 0, 393, 409, 167, 17, 0.00%, 0, 0, 3, 276.32, 448513, 355
1841, 0, 393, 409, 167, 17, 0.00%, 0, 0, 3, 279.78, 449923, 355
1846, 0, 393, 409, 167, 17, 0.00%, 0, 0, 3, 280.87, 451338, 355
1851, 0, 393, 409, 167, 17, 0.00%, 0, 0, 3, 277.06, 452733, 355
1856, 0, 393, 409, 167, 17, 0.00%, 0, 0, 3, 277.62, 454148, 355
1861, 0, 393, 409, 167, 17, 0.00%, 0, 0, 3, 278.59, 455548, 355
1866, 0, 400, 409, 166, 16, 0.00%, 0, 0, 3, 225.77, 456663, 355
1872, 0, 400, 409, 166, 16, 0.00%, 0, 0, 3, 214.05, 457751, 355
1877, 0, 400, 409, 166, 16, 0.00%, 0, 0, 3, 213.64, 458819, 355
1882, 0, 400, 409, 166, 16, 0.00%, 0, 0, 3, 213.51, 459927, 355
1887, 0, 400, 409, 166, 16, 0.00%, 0, 0, 3, 216.01, 461019, 355
1892, 0, 400, 409, 166, 16, 0.00%, 0, 0, 3, 215.89, 462115, 355
1897, 0, 400, 409, 166, 16, 0.00%, 0, 0, 3, 218.90, 463215, 355
1902, 0, 400, 409, 166, 16, 0.00%, 0, 0, 3, 216.16, 464291, 355
1907, 0, 400, 409, 166, 16, 0.00%, 0, 0, 3, 217.38, 465387, 355
1912, 0, 400, 409, 166, 16, 0.00%, 0, 0, 3, 215.30, 466499, 355
1917, 0, 400, 409, 166, 16, 0.00%, 0, 0, 3, 211.68, 467579, 355
1922, 0, 400, 409, 166, 16, 0.00%, 0, 0, 3, 199.62, 468606, 355
1927, 0, 400, 409, 166, 16, 0.00%, 0, 0, 3, 209.81, 469679, 355
1932, 0, 400, 409, 166, 16, 0.00%, 0, 0, 3, 212.87, 470787, 355
1938, 0, 400, 409, 166, 16, 0.00%, 0, 0, 3, 209.87, 471875, 355
1943, 0, 400, 409, 166, 16, 0.00%, 0, 0, 3, 210.88, 472939, 355
1948, 0, 400, 409, 166, 16, 0.00%, 0, 0, 3, 208.00, 473975, 355
1953, 0, 400, 409, 166, 16, 0.00%, 0, 0, 3, 210.43, 475075, 355
1958, 0, 400, 409, 166, 16, 0.00%, 0, 0, 3, 210.92, 476175, 355
1963, 0, 400, 409, 166, 16, 0.00%, 0, 0, 3, 215.96, 477267, 355
1968, 0, 400, 410, 167, 16, 0.00%, 0, 0, 3, 208.50, 478323, 356
1973, 0, 400, 410, 167, 16, 0.00%, 0, 0, 3, 210.88, 479387, 356
1979, 0, 400, 410, 167, 16, 0.00%, 0, 0, 3, 200.69, 480401, 356
1984, 0, 400, 410, 167, 16, 0.00%, 0, 0, 3, 201.32, 481403, 356
1989, 0, 400, 410, 167, 16, 0.00%, 0, 0, 3, 205.99, 482443, 356
1994, 0, 400, 410, 167, 16, 0.00%, 0, 0, 3, 204.70, 483463, 356
1999, 0, 400, 410, 167, 16, 0.00%, 0, 0, 3, 208.38, 484523, 356
2004, 0, 400, 410, 167, 16, 0.00%, 0, 0, 3, 207.13, 485575, 356
2009, 0, 400, 410, 167, 16, 0.00%, 0, 0, 3, 206.38, 486623, 356
2014, 0, 400, 410, 167, 16, 0.00%, 0, 0, 3, 207.88, 487683, 356
2019, 0, 400, 410, 167, 16, 0.00%, 0, 0, 3, 199.55, 488681, 356
2024, 0, 406, 412, 168, 15, 0.00%, 0, 0, 3, 202.16, 489694, 356
2029, 0, 406, 412, 168, 15, 0.00%, 0, 0, 3, 196.12, 490667, 356
2034, 0, 406, 412, 168, 15, 0.00%, 0, 0, 3, 176.65, 491540, 356
2039, 0, 406, 412, 168, 15, 0.00%, 0, 0, 3, 197.41, 492578, 356
2044, 0, 406, 412, 168, 15, 0.00%, 0, 0, 3, 201.95, 493602, 356
2049, 0, 406, 412, 168, 15, 0.00%, 0, 0, 3, 190.97, 494549, 356
2055, 0, 406, 412, 168, 15, 0.00%, 0, 0, 3, 186.70, 495455, 356
2060, 0, 406, 412, 168, 15, 0.00%, 0, 0, 3, 198.17, 496499, 356
2065, 0, 406, 412, 168, 15, 0.00%, 0, 0, 3, 199.14, 497519, 356
2070, 0, 406, 412, 168, 15, 0.00%, 0, 0, 3, 206.03, 498562, 356
2075, 0, 406, 412, 168, 15, 0.00%, 0, 0, 3, 209.07, 499610, 356
2080, 0, 406, 412, 168, 15, 0.00%, 0, 0, 3, 211.09, 500674, 356
2085, 0, 406, 412, 168, 15, 0.00%, 0, 0, 3, 208.66, 501714, 356
2090, 0, 406, 412, 168, 15, 0.00%, 0, 0, 3, 210.54, 502762, 356
2095, 0, 406, 412, 168, 15, 0.00%, 0, 0, 3, 213.23, 503862, 356
2100, 0, 406, 412, 168, 15, 0.00%, 0, 0, 3, 212.71, 504914, 356
2105, 0, 406, 412, 168, 15, 0.00%, 0, 0, 3, 210.00, 505954, 356
2110, 0, 406, 412, 168, 15, 0.00%, 0, 0, 3, 200.54, 506958, 356
2115, 0, 406, 412, 168, 15, 0.00%, 0, 0, 3, 206.59, 508030, 356
2121, 0, 406, 412, 168, 15, 0.00%, 0, 0, 3, 210.59, 509114, 356
2126, 0, 406, 412, 168, 15, 0.00%, 0, 0, 3, 214.61, 510190, 356
2131, 0, 406, 412, 168, 15, 0.00%, 0, 0, 3, 209.30, 511270, 356
2136, 0, 406, 412, 168, 15, 0.00%, 0, 0, 3, 210.81, 512334, 356
2141, 0, 406, 412, 168, 15, 0.00%, 0, 0, 3, 206.00, 513366, 356
2146, 0, 406, 412, 168, 15, 0.00%, 0, 0, 3, 209.33, 514470, 356
2151, 0, 406, 412, 168, 15, 0.00%, 0, 0, 3, 212.04, 515574, 356
2156, 0, 406, 412, 168, 15, 0.00%, 0, 0, 3, 211.57, 516638, 356
2161, 0, 406, 412, 168, 15, 0.00%, 0, 0, 3, 212.62, 517706, 356
2166, 0, 406, 412, 168, 15, 0.00%, 0, 0, 3, 211.21, 518770, 356
2171, 0, 406, 412, 168, 15, 0.00%, 0, 0, 3, 210.92, 519830, 356
2176, 0, 406, 412, 168, 15, 0.00%, 0, 0, 3, 208.96, 520886, 356
2181, 0, 339, 412, 167, 15, 0.00%, 0, 0, 3, 181.69, 521828, 356
2187, 0, 339, 413, 168, 15, 0.00%, 0, 0, 3, 150.88, 522547, 363
2192, 0, 339, 413, 168, 15, 0.00%, 0, 0, 3, 143.79, 523279, 363
2197, 0, 339, 413, 168, 15, 0.00%, 0, 0, 3, 144.19, 524023, 363
2202, 0, 339, 413, 168, 15, 0.00%, 0, 0, 3, 142.47, 524757, 363
2207, 0, 339, 413, 168, 15, 0.00%, 0, 0, 3, 143.22, 525497, 363
2212, 0, 339, 413, 168, 15, 0.00%, 0, 0, 3, 141.65, 526225, 363
2218, 0, 339, 413, 168, 15, 0.00%, 0, 0, 3, 143.19, 526973, 363
2223, 0, 339, 413, 168, 15, 0.00%, 0, 0, 3, 142.31, 527705, 363
2228, 0, 339, 413, 168, 15, 0.00%, 0, 0, 3, 141.76, 528435, 363
2233, 0, 339, 413, 168, 15, 0.00%, 0, 0, 3, 143.22, 529179, 363
2238, 0, 339, 413, 168, 15, 0.00%, 0, 0, 3, 136.59, 529875, 363
2243, 0, 339, 413, 168, 15, 0.00%, 0, 0, 3, 138.82, 530525, 363
2249, 0, 339, 413, 168, 15, 0.00%, 0, 0, 3, 125.21, 531125, 363
2254, 0, 339, 413, 168, 15, 0.00%, 0, 0, 3, 136.61, 531827, 363
2259, 0, 339, 413, 168, 15, 0.00%, 0, 0, 3, 139.91, 532555, 363
2264, 0, 339, 413, 168, 15, 0.00%, 0, 0, 3, 141.67, 533287, 363
2269, 0, 339, 413, 168, 15, 0.00%, 0, 0, 3, 141.78, 534021, 363
2274, 0, 339, 413, 168, 15, 0.00%, 0, 0, 3, 140.47, 534733, 363
2279, 0, 339, 413, 168, 15, 0.00%, 0, 0, 3, 139.04, 535442, 363
2285, 0, 339, 413, 168, 15, 0.00%, 0, 0, 3, 137.39, 536134, 363
2290, 0, 339, 413, 168, 15, 0.00%, 0, 0, 3, 139.58, 536862, 363
2295, 0, 339, 413, 168, 15, 0.00%, 0, 0, 3, 139.05, 537588, 363
2300, 0, 339, 413, 168, 15, 0.00%, 0, 0, 3, 138.51, 538300, 363
2305, 0, 339, 413, 168, 15, 0.00%, 0, 0, 3, 140.40, 539020, 363
2310, 0, 339, 413, 168, 15, 0.00%, 0, 0, 3, 137.52, 539734, 363
2316, 0, 339, 413, 168, 15, 0.00%, 0, 0, 3, 135.89, 540426, 363
2321, 0, 339, 413, 168, 15, 0.00%, 0, 0, 3, 138.87, 541148, 363
2326, 0, 339, 413, 168, 15, 0.00%, 0, 0, 3, 139.48, 541866, 363
2331, 0, 339, 413, 168, 15, 0.00%, 0, 0, 3, 142.74, 542602, 363
2336, 0, 339, 413, 168, 15, 0.00%, 0, 0, 3, 143.87, 543346, 363
2341, 0, 339, 413, 168, 15, 0.00%, 0, 0, 3, 140.49, 544078, 363
2347, 0, 339, 413, 168, 15, 0.00%, 0, 0, 3, 140.93, 544808, 363
2352, 0, 339, 413, 168, 15, 0.00%, 0, 0, 3, 141.50, 545540, 363
2357, 0, 339, 413, 168, 15, 0.00%, 0, 0, 3, 140.07, 546262, 363
2362, 0, 339, 413, 168, 15, 0.00%, 0, 0, 3, 139.64, 546978, 363
2367, 0, 339, 413, 168, 15, 0.00%, 0, 0, 3, 137.77, 547686, 363
2372, 0, 339, 413, 168, 15, 0.00%, 0, 0, 3, 139.47, 548398, 363
2378, 0, 339, 413, 168, 15, 0.00%, 0, 0, 3, 139.76, 549122, 363
2383, 0, 339, 413, 168, 15, 0.00%, 0, 0, 3, 137.33, 549808, 363
2388, 0, 339, 413, 168, 15, 0.00%, 0, 0, 3, 141.74, 550544, 363
2393, 0, 339, 413, 168, 15, 0.00%, 0, 0, 3, 139.27, 551266, 363
2398, 0, 339, 413, 168, 15, 0.00%, 0, 0, 3, 131.35, 551928, 363
2403, 0, 339, 413, 168, 15, 0.00%, 0, 0, 3, 134.38, 552612, 363
2408, 0, 339, 413, 168, 15, 0.00%, 0, 0, 3, 137.82, 553334, 363
2414, 0, 339, 413, 168, 15, 0.00%, 0, 0, 3, 136.83, 554042, 363
2419, 0, 375, 413, 167, 15, 0.00%, 0, 0, 3, 207.41, 555060, 363
2424, 0, 375, 413, 167, 15, 0.00%, 0, 0, 3, 236.15, 556348, 363
2429, 0, 375, 413, 167, 15, 0.00%, 0, 0, 3, 261.17, 557734, 363
2434, 0, 375, 413, 167, 15, 0.00%, 0, 0, 3, 268.66, 559119, 363
2439, 0, 375, 413, 167, 15, 0.00%, 0, 0, 3, 271.75, 560539, 363
2445, 0, 375, 413, 167, 15, 0.00%, 0, 0, 3, 274.47, 561959, 363
2450, 0, 412, 414, 167, 14, 0.00%, 0, 0, 3, 197.18, 562973, 364
2455, 0, 412, 414, 167, 14, 0.00%, 0, 0, 3, 141.69, 563603, 364
2460, 0, 412, 414, 167, 14, 0.00%, 0, 0, 3, 135.01, 564257, 364
2465, 0, 412, 414, 167, 14, 0.00%, 0, 0, 3, 135.98, 564955, 364
2470, 0, 412, 414, 167, 14, 0.00%, 0, 0, 3, 131.39, 565631, 364
2475, 0, 412, 414, 167, 14, 0.00%, 0, 0, 3, 132.30, 566317, 364
2480, 0, 412, 414, 167, 14, 0.00%, 0, 0, 3, 134.70, 567013, 364
2486, 0, 412, 414, 167, 14, 0.00%, 0, 0, 3, 120.72, 567603, 364
2491, 0, 412, 414, 167, 14, 0.00%, 0, 0, 3, 122.98, 568203, 364
2496, 0, 412, 414, 167, 14, 0.00%, 0, 0, 3, 128.59, 568863, 364
2501, 0, 412, 414, 167, 14, 0.00%, 0, 0, 3, 132.17, 569557, 364
2506, 0, 412, 414, 167, 14, 0.00%, 0, 0, 3, 132.51, 570243, 364
2511, 0, 412, 415, 168, 14, 0.00%, 0, 0, 3, 131.19, 570889, 366
2516, 0, 412, 415, 168, 14, 0.00%, 0, 0, 3, 133.53, 571593, 366
2522, 0, 412, 415, 168, 14, 0.00%, 0, 0, 3, 125.98, 572203, 366
2527, 0, 412, 415, 168, 14, 0.00%, 0, 0, 3, 133.51, 572879, 366
2532, 0, 412, 415, 168, 14, 0.00%, 0, 0, 3, 133.34, 573571, 366
2537, 0, 412, 415, 168, 14, 0.00%, 0, 0, 3, 136.23, 574281, 366
2542, 0, 412, 415, 168, 14, 0.00%, 0, 0, 3, 132.14, 574963, 366
2547, 0, 412, 415, 168, 14, 0.00%, 0, 0, 3, 133.15, 575655, 366
2552, 0, 412, 415, 168, 14, 0.00%, 0, 0, 3, 22.39, 576289, 366
2557, 0, 412, 415, 168, 14, 0.00%, 0, 0, 3, 137.84, 576979, 366
2563, 0, 412, 415, 168, 14, 0.00%, 0, 0, 3, 130.08, 577649, 366
2568, 0, 412, 415, 168, 14, 0.00%, 0, 0, 3, 135.08, 578327, 366
2573, 0, 412, 415, 168, 14, 0.00%, 0, 0, 3, 137.07, 579039, 366
2578, 0, 412, 415, 168, 14, 0.00%, 0, 0, 3, 130.55, 579717, 366
2583, 0, 412, 415, 168, 14, 0.00%, 0, 0, 3, 134.78, 580419, 366
2588, 0, 412, 415, 168, 14, 0.00%, 0, 0, 3, 136.37, 581129, 366
2593, 0, 412, 415, 168, 14, 0.00%, 0, 0, 3, 135.01, 581811, 366
2599, 0, 412, 415, 168, 14, 0.00%, 0, 0, 3, 133.66, 582483, 366
2604, 0, 412, 415, 168, 14, 0.00%, 0, 0, 3, 132.84, 583143, 366
2609, 0, 412, 415, 168, 14, 0.00%, 0, 0, 3, 133.27, 583829, 366
2614, 0, 412, 416, 169, 14, 0.00%, 0, 0, 3, 134.52, 584509, 367
2619, 0, 412, 417, 170, 14, 0.00%, 0, 0, 3, 126.05, 585133, 369
2624, 0, 412, 417, 170, 14, 0.00%, 0, 0, 3, 124.47, 585731, 369
2629, 0, 412, 417, 170, 14, 0.00%, 0, 0, 3, 131.39, 586393, 369
2634, 0, 412, 417, 170, 14, 0.00%, 0, 0, 3, 135.60, 587075, 369
2639, 0, 412, 417, 170, 14, 0.00%, 0, 0, 3, 137.26, 587785, 369
2645, 0, 412, 417, 170, 14, 0.00%, 0, 0, 3, 136.87, 588497, 369
2650, 0, 412, 417, 170, 14, 0.00%, 0, 0, 3, 136.11, 589205, 369
2655, 0, 412, 417, 170, 14, 0.00%, 0, 0, 3, 134.37, 589901, 369
2660, 0, 412, 417, 170, 14, 0.00%, 0, 0, 3, 135.92, 590607, 369
2665, 0, 412, 417, 170, 14, 0.00%, 0, 0, 3, 136.31, 591309, 369
2671, 0, 412, 417, 170, 14, 0.00%, 0, 0, 3, 136.44, 592015, 369
2676, 0, 412, 417, 170, 14, 0.00%, 0, 0, 3, 126.99, 592647, 369
2681, 0, 412, 417, 170, 14, 0.00%, 0, 0, 3, 119.45, 593261, 369
2686, 0, 412, 417, 170, 14, 0.00%, 0, 0, 3, 114.05, 593781, 369
2691, 0, 412, 417, 170, 14, 0.00%, 0, 0, 3, 105.43, 594289, 369
2696, 0, 412, 417, 170, 14, 0.00%, 0, 0, 3, 113.68, 594869, 369
2701, 0, 412, 417, 170, 14, 0.00%, 0, 0, 3, 116.05, 595465, 369
2706, 0, 371, 417, 169, 14, 0.00%, 0, 0, 3, 292.65, 597105, 369
2711, 0, 371, 417, 169, 14, 0.00%, 0, 0, 3, 321.20, 598829, 369
2717, 0, 371, 417, 169, 14, 0.00%, 0, 0, 3, 325.32, 600515, 369
2722, 0, 371, 417, 169, 14, 0.00%, 0, 0, 3, 327.71, 602141, 369
2727, 0, 379, 417, 168, 13, 0.00%, 0, 0, 3, 326.91, 603793, 369
2732, 0, 379, 417, 168, 13, 0.00%, 0, 0, 3, 322.20, 605455, 369
2737, 0, 379, 417, 168, 13, 0.00%, 0, 0, 3, 321.76, 607111, 369
2742, 0, 379, 417, 168, 13, 0.00%, 0, 0, 3, 320.62, 608755, 369
2747, 0, 379, 417, 168, 13, 0.00%, 0, 0, 3, 327.64, 610411, 369
2752, 0, 379, 425, 176, 13, 0.00%, 0, 0, 3, 306.42, 612023, 373
2758, 0, 410, 425, 176, 15, 0.00%, 0, 0, 3, 209.28, 612979, 373
2763, 0, 410, 425, 176, 15, 0.00%, 0, 0, 3, 177.58, 613838, 373
2768, 0, 410, 425, 176, 15, 0.00%, 0, 0, 3, 178.05, 614726, 373
2773, 0, 410, 425, 176, 15, 0.00%, 0, 0, 3, 200.08, 615788, 373
2778, 0, 410, 425, 176, 15, 0.00%, 0, 0, 3, 192.81, 616787, 373
2783, 0, 410, 425, 176, 15, 0.00%, 0, 0, 3, 191.12, 617771, 373
2789, 0, 410, 425, 176, 15, 0.00%, 0, 0, 3, 6.11, 618566, 373
2794, 0, 410, 425, 176, 15, 0.00%, 0, 0, 3, 165.68, 619391, 373
2799, 0, 410, 425, 176, 15, 0.00%, 0, 0, 3, 178.54, 620315, 373
2804, 0, 410, 425, 176, 15, 0.00%, 0, 0, 3, 186.71, 621248, 373
2809, 0, 410, 425, 176, 15, 0.00%, 0, 0, 3, 205.44, 622319, 373
2814, 0, 410, 425, 176, 15, 0.00%, 0, 0, 3, 203.44, 623335, 373
2819, 0, 410, 425, 176, 15, 0.00%, 0, 0, 3, 199.11, 624371, 373
2824, 0, 410, 425, 176, 15, 0.00%, 0, 0, 3, 193.82, 625373, 373
2830, 0, 410, 425, 176, 15, 0.00%, 0, 0, 3, 196.48, 626333, 373
2835, 0, 410, 425, 176, 15, 0.00%, 0, 0, 3, 201.50, 627353, 373
2840, 0, 410, 425, 176, 15, 0.00%, 0, 0, 3, 203.86, 628411, 373
2845, 0, 410, 425, 176, 15, 0.00%, 0, 0, 3, 205.03, 629463, 373
2850, 0, 410, 425, 176, 15, 0.00%, 0, 0, 3, 193.21, 630455, 373
2855, 0, 410, 425, 176, 15, 0.00%, 0, 0, 3, 203.33, 631447, 373
2860, 0, 410, 425, 176, 15, 0.00%, 0, 0, 3, 195.85, 632417, 373
2866, 0, 410, 425, 176, 15, 0.00%, 0, 0, 3, 206.95, 633423, 373
2871, 0, 410, 425, 176, 15, 0.00%, 0, 0, 3, 208.16, 634455, 373
2876, 0, 410, 425, 176, 15, 0.00%, 0, 0, 3, 210.55, 635511, 373
2881, 0, 410, 425, 176, 15, 0.00%, 0, 0, 3, 202.36, 636495, 373
2886, 0, 410, 425, 176, 15, 0.00%, 0, 0, 3, 186.81, 637430, 373
2891, 0, 410, 425, 176, 15, 0.00%, 0, 0, 3, 195.77, 638417, 373
2896, 0, 410, 425, 176, 15, 0.00%, 0, 0, 3, 197.98, 639404, 373
2901, 0, 410, 425, 176, 15, 0.00%, 0, 0, 3, 195.51, 640409, 373
2906, 0, 410, 425, 176, 15, 0.00%, 0, 0, 3, 200.98, 641451, 373
2911, 0, 410, 425, 176, 15, 0.00%, 0, 0, 3, 222.70, 642367, 373
2916, 0, 410, 425, 176, 15, 0.00%, 0, 0, 3, 196.93, 643343, 373
2921, 0, 410, 425, 176, 15, 0.00%, 0, 0, 3, 144.50, 644089, 373
2927, 0, 410, 425, 176, 15, 0.00%, 0, 0, 3, 198.20, 644750, 373
2932, 0, 392, 425, 175, 14, 0.00%, 0, 0, 3, 296.66, 646363, 373
2937, 0, 392, 425, 175, 14, 0.00%, 0, 0, 3, 328.02, 648059, 373
2942, 0, 392, 425, 175, 14, 0.00%, 0, 0, 3, 327.96, 649703, 373
2947, 0, 392, 425, 175, 14, 0.00%, 0, 0, 3, 334.96, 651395, 373
2952, 0, 392, 425, 175, 14, 0.00%, 0, 0, 3, 326.59, 653021, 373
2957, 0, 413, 426, 175, 13, 0.00%, 0, 0, 4, 124.03, 653629, 374
2962, 0, 413, 426, 175, 13, 0.00%, 0, 0, 4, 117.30, 654205, 374
2967, 0, 413, 426, 175, 13, 0.00%, 0, 0, 4, 121.00, 654817, 374
2972, 0, 413, 426, 175, 13, 0.00%, 0, 0, 4, 124.42, 655453, 374
2977, 0, 413, 426, 175, 13, 0.00%, 0, 0, 4, 128.78, 656097, 374
2982, 0, 413, 426, 175, 13, 0.00%, 0, 0, 4, 130.97, 656781, 374
2988, 0, 413, 426, 175, 13, 0.00%, 0, 0, 4, 123.52, 657403, 374
2993, 0, 413, 426, 175, 13, 0.00%, 0, 0, 4, 111.56, 657975, 374
2998, 0, 413, 426, 175, 13, 0.00%, 0, 0, 4, 111.94, 658499, 374
3003, 0, 413, 426, 175, 13, 0.00%, 0, 0, 4, 109.14, 659059, 374
3008, 0, 413, 426, 175, 13, 0.00%, 0, 0, 4, 114.61, 659649, 374
3013, 0, 413, 427, 176, 13, 0.00%, 0, 0, 4, 121.37, 660265, 376
3018, 0, 413, 428, 177, 13, 0.00%, 0, 0, 4, 113.10, 660821, 380
3023, 0, 413, 428, 177, 13, 0.00%, 0, 0, 4, 114.80, 661407, 380
3028, 0, 413, 428, 177, 13, 0.00%, 0, 0, 4, 118.00, 661981, 380
3033, 0, 413, 429, 178, 13, 0.00%, 0, 0, 4, 118.11, 662545, 382
3038, 0, 413, 430, 179, 13, 0.00%, 0, 0, 4, 116.15, 663143, 384
3044, 0, 413, 430, 179, 13, 0.00%, 0, 0, 4, 116.50, 663617, 384
3049, 0, 413, 432, 181, 13, 0.00%, 0, 0, 4, 108.94, 664107, 386
3054, 0, 413, 432, 181, 13, 0.00%, 0, 0, 4, 121.67, 664731, 386
3059, 0, 413, 432, 181, 13, 0.00%, 0, 0, 4, 125.29, 665377, 386
3064, 0, 413, 432, 181, 13, 0.00%, 0, 0, 4, 114.74, 665983, 386
3069, 0, 413, 433, 182, 13, 0.00%, 0, 0, 4, 119.41, 666593, 387
3074, 0, 413, 433, 182, 13, 0.00%, 0, 0, 4, 124.26, 667247, 387
3079, 0, 413, 433, 182, 13, 0.00%, 0, 0, 4, 121.34, 667849, 387
3084, 0, 413, 433, 182, 13, 0.00%, 0, 0, 4, 124.15, 668499, 387
3089, 0, 413, 433, 182, 13, 0.00%, 0, 0, 4, 128.87, 669149, 387
3094, 0, 413, 433, 182, 13, 0.00%, 0, 0, 4, 128.57, 669791, 387
3100, 0, 413, 433, 182, 13, 0.00%, 0, 0, 4, 124.00, 670389, 387
3105, 0, 413, 433, 182, 13, 0.00%, 0, 0, 4, 122.84, 670995, 387
3110, 0, 413, 433, 182, 13, 0.00%, 0, 0, 4, 124.09, 671621, 387
3115, 0, 413, 433, 182, 13, 0.00%, 0, 0, 4, 128.05, 672263, 387
3120, 0, 413, 433, 182, 13, 0.00%, 0, 0, 4, 130.75, 672941, 387
3125, 0, 413, 433, 182, 13, 0.00%, 0, 0, 4, 129.83, 673607, 387
3130, 0, 413, 433, 182, 13, 0.00%, 0, 0, 4, 122.25, 674221, 387
3135, 0, 413, 433, 182, 13, 0.00%, 0, 0, 4, 129.19, 674839, 387
3140, 0, 413, 433, 182, 13, 0.00%, 0, 0, 4, 131.83, 675505, 387
3145, 0, 413, 433, 182, 13, 0.00%, 0, 0, 4, 131.49, 676181, 387
3151, 0, 413, 433, 182, 13, 0.00%, 0, 0, 4, 132.44, 676867, 387
3156, 0, 413, 433, 182, 13, 0.00%, 0, 0, 4, 129.99, 677511, 387
3161, 0, 413, 433, 182, 13, 0.00%, 0, 0, 4, 127.19, 678135, 387
3166, 0, 413, 434, 183, 13, 0.00%, 0, 0, 4, 126.44, 678808, 389
3171, 0, 413, 434, 183, 13, 0.00%, 0, 0, 4, 131.54, 679495, 389
3176, 0, 413, 434, 183, 13, 0.00%, 0, 0, 4, 122.32, 680109, 389
3181, 0, 413, 434, 183, 13, 0.00%, 0, 0, 4, 124.57, 680717, 389
3186, 0, 413, 434, 183, 13, 0.00%, 0, 0, 4, 121.69, 681323, 389
3191, 0, 413, 434, 183, 13, 0.00%, 0, 0, 4, 129.81, 681928, 389
3197, 0, 413, 434, 183, 13, 0.00%, 0, 0, 4, 20.64, 682264, 389
3202, 0, 413, 434, 183, 13, 0.00%, 0, 0, 4, 40.66, 682531, 389
3207, 0, 413, 434, 183, 13, 0.00%, 0, 0, 4, 128.53, 682904, 389
3212, 0, 413, 434, 183, 13, 0.00%, 0, 0, 4, 119.60, 683246, 389
3217, 0, 413, 434, 183, 13, 0.00%, 0, 0, 4, 121.92, 683728, 389
3222, 0, 413, 434, 183, 13, 0.00%, 0, 0, 4, 120.45, 684342, 389
3227, 0, 413, 434, 183, 13, 0.00%, 0, 0, 4, 126.68, 684992, 389
3233, 0, 413, 434, 183, 13, 0.00%, 0, 0, 4, 125.82, 685628, 389
3238, 0, 390, 434, 182, 12, 0.00%, 0, 0, 4, 217.06, 686675, 389
3243, 0, 390, 434, 182, 12, 0.00%, 0, 0, 4, 291.55, 688275, 389
3248, 0, 390, 434, 182, 12, 0.00%, 0, 0, 4, 315.54, 689876, 389
3253, 0, 390, 434, 182, 12, 0.00%, 0, 0, 4, 335.03, 691634, 389
3258, 0, 390, 434, 182, 12, 0.00%, 0, 0, 4, 330.12, 693362, 389
3264, 0, 421, 434, 181, 11, 0.00%, 0, 0, 4, 333.28, 695081, 389
3269, 0, 421, 434, 181, 11, 0.00%, 0, 0, 4, 336.57, 696779, 389
3274, 0, 421, 434, 181, 11, 0.00%, 0, 0, 4, 342.41, 698501, 389
3279, 0, 421, 434, 181, 11, 0.00%, 0, 0, 4, 338.64, 700205, 389
3284, 0, 421, 434, 181, 11, 0.00%, 0, 0, 4, 342.38, 701933, 389
3289, 0, 419, 434, 180, 10, 0.00%, 0, 0, 4, 152.82, 703147, 389
3294, 0, 419, 434, 180, 10, 0.00%, 0, 0, 4, 225.67, 704403, 389
3299, 0, 419, 434, 180, 10, 0.00%, 0, 0, 4, 234.45, 705631, 389
3304, 0, 419, 434, 180, 10, 0.00%, 0, 0, 4, 228.19, 706807, 389
3309, 0, 419, 434, 180, 10, 0.00%, 0, 0, 4, 217.60, 707827, 389
3314, 0, 419, 434, 180, 10, 0.00%, 0, 0, 4, 229.36, 708983, 389
3319, 0, 419, 434, 180, 10, 0.00%, 0, 0, 4, 234.94, 710199, 389
3325, 0, 419, 434, 180, 10, 0.00%, 0, 0, 4, 231.06, 711355, 389
3330, 0, 419, 434, 180, 10, 0.00%, 0, 0, 4, 230.52, 712503, 389
3335, 0, 419, 434, 180, 10, 0.00%, 0, 0, 4, 228.48, 713647, 389
3340, 0, 419, 434, 180, 10, 0.00%, 0, 0, 4, 233.00, 714863, 389
3345, 0, 419, 434, 180, 10, 0.00%, 0, 0, 4, 244.21, 716079, 389
3350, 0, 419, 434, 180, 10, 0.00%, 0, 0, 4, 241.65, 717319, 389
3355, 0, 419, 434, 180, 10, 0.00%, 0, 0, 4, 235.65, 718543, 389
3360, 0, 419, 434, 180, 10, 0.00%, 0, 0, 4, 235.74, 719715, 389
3365, 0, 419, 434, 180, 10, 0.00%, 0, 0, 4, 230.04, 720819, 389
3370, 0, 419, 434, 180, 10, 0.00%, 0, 0, 4, 240.60, 722071, 389
3375, 0, 419, 434, 180, 10, 0.00%, 0, 0, 4, 237.61, 723235, 389
3380, 0, 419, 434, 180, 10, 0.00%, 0, 0, 4, 234.27, 724407, 389
3386, 0, 419, 434, 180, 10, 0.00%, 0, 0, 4, 236.39, 725627, 389
3391, 0, 419, 434, 180, 10, 0.00%, 0, 0, 4, 239.94, 726819, 389
3396, 0, 419, 434, 180, 10, 0.00%, 0, 0, 4, 229.21, 727951, 389
3401, 0, 419, 434, 180, 10, 0.00%, 0, 0, 4, 231.67, 729123, 389
3406, 0, 419, 434, 180, 10, 0.00%, 0, 0, 4, 234.68, 730307, 389
3411, 0, 419, 434, 180, 10, 0.00%, 0, 0, 4, 233.29, 731479, 389
3416, 0, 419, 434, 180, 10, 0.00%, 0, 0, 4, 232.29, 732691, 389
3421, 0, 419, 434, 180, 10, 0.00%, 0, 0, 4, 230.39, 733839, 389
3426, 0, 419, 434, 180, 10, 0.00%, 0, 0, 4, 240.83, 735091, 389
3431, 0, 404, 434, 179, 9, 0.00%, 0, 0, 4, 320.57, 736786, 389
3436, 0, 404, 434, 179, 9, 0.00%, 0, 0, 4, 342.63, 738526, 389
3442, 0, 404, 434, 179, 9, 0.00%, 0, 0, 4, 345.48, 740332, 389
3447, 0, 404, 434, 179, 9, 0.00%, 0, 0, 4, 346.30, 742132, 389
3452, 0, 417, 434, 178, 8, 0.00%, 0, 0, 4, 337.18, 743831, 389
3457, 0, 417, 434, 178, 8, 0.00%, 0, 0, 4, 343.44, 745619, 389
3462, 0, 417, 434, 178, 8, 0.00%, 0, 0, 4, 346.12, 747419, 389
3467, 0, 417, 434, 178, 8, 0.00%, 0, 0, 4, 342.95, 749105, 389
3472, 0, 417, 434, 178, 8, 0.00%, 0, 0, 4, 360.87, 751001, 389
3478, 0, 402, 434, 177, 7, 0.00%, 0, 0, 4, 267.98, 752360, 389
3483, 0, 402, 434, 177, 7, 0.00%, 0, 0, 4, 218.63, 753389, 389
3488, 0, 402, 434, 177, 7, 0.00%, 0, 0, 4, 211.93, 754449, 389
3493, 0, 402, 434, 177, 7, 0.00%, 0, 0, 4, 193.67, 755450, 389
3498, 0, 402, 434, 177, 7, 0.00%, 0, 0, 4, 198.92, 756437, 389
3503, 0, 402, 434, 177, 7, 0.00%, 0, 0, 4, 210.16, 757509, 389
3508, 0, 402, 434, 177, 7, 0.00%, 0, 0, 4, 204.20, 758541, 389
3513, 0, 402, 434, 177, 7, 0.00%, 0, 0, 4, 211.49, 759609, 389
3518, 0, 402, 434, 177, 7, 0.00%, 0, 0, 4, 198.36, 760604, 389
3523, 0, 402, 434, 177, 7, 0.00%, 0, 0, 4, 191.89, 761549, 389
3528, 0, 402, 434, 177, 7, 0.00%, 0, 0, 4, 185.81, 762530, 389
3534, 0, 402, 434, 177, 7, 0.00%, 0, 0, 4, 197.11, 763523, 389
3539, 0, 402, 434, 177, 7, 0.00%, 0, 0, 4, 207.85, 764577, 389
3544, 0, 402, 434, 177, 7, 0.00%, 0, 0, 4, 203.80, 765609, 389
3549, 0, 402, 434, 177, 7, 0.00%, 0, 0, 4, 199.98, 766601, 389
3554, 0, 402, 434, 177, 7, 0.00%, 0, 0, 4, 199.26, 767597, 389
3559, 0, 402, 434, 177, 7, 0.00%, 0, 0, 4, 209.21, 768669, 389
3564, 0, 402, 434, 177, 7, 0.00%, 0, 0, 4, 213.13, 769737, 389
3569, 0, 402, 434, 177, 7, 0.00%, 0, 0, 4, 213.61, 770817, 389
3574, 0, 402, 434, 177, 7, 0.00%, 0, 0, 4, 209.37, 771857, 389
3579, 0, 402, 434, 177, 7, 0.00%, 0, 0, 4, 214.19, 772981, 389
3584, 0, 402, 434, 177, 7, 0.00%, 0, 0, 4, 214.97, 774089, 389
3589, 0, 402, 434, 177, 7, 0.00%, 0, 0, 4, 208.42, 775173, 389
3595, 0, 402, 434, 177, 7, 0.00%, 0, 0, 4, 188.42, 776072, 389
3600, 0, 402, 434, 177, 7, 0.00%, 0, 0, 4, 190.65, 777014, 389
3603, 0, 402, 434, 177, 7, 0.00%, 0, 0, 4, 190.14, 777667, 389
