# relative_time, cycles_done, cur_path, paths_total, pending_total, pending_favs, map_size, unique_crashes, unique_hangs, max_depth, execs_per_sec, total_execs, edges_found
61, 0, 299, 384, 170, 24, 0.00%, 0, 0, 3, 221.37, 15824, 321
66, 0, 299, 384, 170, 24, 0.00%, 0, 0, 3, 222.71, 16932, 321
71, 0, 299, 384, 170, 24, 0.00%, 0, 0, 3, 229.98, 18092, 321
76, 0, 299, 386, 172, 24, 0.00%, 0, 0, 3, 225.24, 19236, 322
81, 0, 299, 386, 172, 24, 0.00%, 0, 0, 3, 228.93, 20440, 322
86, 0, 299, 386, 172, 24, 0.00%, 0, 0, 3, 229.29, 21588, 322
91, 0, 299, 386, 172, 24, 0.00%, 0, 0, 3, 225.89, 22760, 322
97, 0, 299, 386, 172, 24, 0.00%, 0, 0, 3, 226.77, 23908, 322
102, 0, 299, 386, 172, 24, 0.00%, 0, 0, 3, 209.69, 24956, 322
107, 0, 299, 386, 172, 24, 0.00%, 0, 0, 3, 214.94, 26000, 322
112, 0, 299, 386, 172, 24, 0.00%, 0, 0, 3, 223.78, 27136, 322
117, 0, 299, 386, 172, 24, 0.00%, 0, 0, 3, 228.58, 28300, 322
122, 0, 299, 386, 172, 24, 0.00%, 0, 0, 3, 225.13, 29480, 322
127, 0, 335, 389, 174, 27, 0.00%, 0, 0, 3, 240.21, 30693, 323
132, 0, 335, 389, 174, 27, 0.00%, 0, 0, 3, 249.83, 32006, 323
137, 0, 335, 389, 174, 27, 0.00%, 0, 0, 3, 248.51, 33293, 323
142, 0, 335, 389, 174, 27, 0.00%, 0, 0, 3, 205.03, 34249, 323
148, 0, 335, 389, 174, 27, 0.00%, 0, 0, 3, 33.06, 35173, 323
153, 0, 335, 389, 174, 27, 0.00%, 0, 0, 3, 191.60, 35975, 323
158, 0, 335, 390, 175, 27, 0.00%, 0, 0, 3, 219.67, 36854, 327
163, 0, 335, 390, 175, 27, 0.00%, 0, 0, 3, 33.76, 37670, 327
168, 0, 335, 390, 175, 27, 0.00%, 0, 0, 3, 27.03, 38197, 327
173, 0, 335, 390, 175, 27, 0.00%, 0, 0, 3, 36.67, 38678, 327
178, 0, 335, 390, 175, 27, 0.00%, 0, 0, 3, 66.79, 39216, 327
184, 0, 335, 390, 175, 27, 0.00%, 0, 0, 3, 231.44, 40298, 327
189, 0, 335, 390, 175, 27, 0.00%, 0, 0, 3, 242.87, 41522, 327
194, 0, 335, 390, 175, 27, 0.00%, 0, 0, 3, 252.41, 42842, 327
199, 0, 335, 391, 176, 27, 0.00%, 0, 0, 3, 250.45, 44092, 329
204, 0, 335, 391, 176, 27, 0.00%, 0, 0, 3, 251.80, 45367, 329
209, 0, 335, 391, 176, 27, 0.00%, 0, 0, 3, 252.03, 46632, 329
214, 0, 335, 391, 176, 27, 0.00%, 0, 0, 3, 255.70, 47942, 329
219, 0, 335, 391, 176, 27, 0.00%, 0, 0, 3, 255.69, 49212, 329
224, 0, 335, 391, 176, 27, 0.00%, 0, 0, 3, 249.42, 50454, 329
229, 0, 335, 391, 176, 27, 0.00%, 0, 0, 3, 248.35, 51722, 329
235, 0, 335, 391, 176, 27, 0.00%, 0, 0, 3, 247.93, 52994, 329
240, 0, 335, 391, 176, 27, 0.00%, 0, 0, 3, 246.79, 54274, 329
245, 0, 335, 391, 176, 27, 0.00%, 0, 0, 3, 239.28, 55474, 329
250, 0, 335, 391, 176, 27, 0.00%, 0, 0, 3, 244.96, 56754, 329
255, 0, 335, 391, 176, 27, 0.00%, 0, 0, 3, 247.76, 58050, 329
260, 0, 335, 391, 176, 27, 0.00%, 0, 0, 3, 239.46, 59270, 329
265, 0, 335, 391, 176, 27, 0.00%, 0, 0, 3, 229.77, 60422, 329
270, 0, 335, 391, 176, 27, 0.00%, 0, 0, 3, 232.59, 61590, 329
276, 0, 11, 393, 177, 27, 0.00%, 0, 0, 3, 240.33, 62738, 331
281, 0, 11, 398, 182, 27, 0.00%, 0, 0, 3, 354.83, 64623, 337
286, 0, 11, 398, 182, 27, 0.00%, 0, 0, 3, 380.84, 66627, 337
291, 0, 11, 398, 182, 27, 0.00%, 0, 0, 3, 378.07, 68531, 337
296, 0, 11, 398, 182, 27, 0.00%, 0, 0, 3, 371.20, 70379, 337
301, 0, 395, 398, 181, 32, 0.00%, 0, 0, 3, 363.71, 72191, 337
306, 0, 395, 398, 181, 32, 0.00%, 0, 0, 3, 368.71, 74039, 337
311, 0, 395, 398, 181, 32, 0.00%, 0, 0, 3, 365.57, 75887, 337
316, 0, 395, 398, 181, 32, 0.00%, 0, 0, 3, 369.50, 77742, 337
321, 0, 372, 398, 180, 31, 0.00%, 0, 0, 3, 379.13, 79634, 337
326, 0, 372, 398, 180, 31, 0.00%, 0, 0, 3, 401.81, 81693, 337
331, 0, 372, 398, 180, 31, 0.00%, 0, 0, 3, 397.43, 83757, 337
336, 0, 372, 398, 180, 31, 0.00%, 0, 0, 3, 408.66, 85877, 337
341, 0, 361, 398, 179, 30, 0.00%, 0, 0, 3, 353.95, 87739, 337
347, 0, 361, 398, 179, 30, 0.00%, 0, 0, 3, 276.31, 89077, 337
352, 0, 361, 398, 179, 30, 0.00%, 0, 0, 3, 265.96, 90402, 337
357, 0, 361, 398, 179, 30, 0.00%, 0, 0, 3, 256.24, 91707, 337
362, 0, 361, 398, 179, 30, 0.00%, 0, 0, 3, 252.73, 92972, 337
367, 0, 361, 398, 179, 30, 0.00%, 0, 0, 3, 255.34, 94257, 337
372, 0, 361, 398, 179, 30, 0.00%, 0, 0, 3, 249.18, 95512, 337
377, 0, 361, 398, 179, 30, 0.00%, 0, 0, 3, 254.45, 96842, 337
382, 0, 361, 398, 179, 30, 0.00%, 0, 0, 3, 259.57, 98197, 337
387, 0, 361, 398, 179, 30, 0.00%, 0, 0, 3, 256.32, 99537, 337
392, 0, 361, 398, 179, 30, 0.00%, 0, 0, 3, 253.98, 100862, 337
398, 0, 361, 398, 179, 30, 0.00%, 0, 0, 3, 246.82, 102152, 337
403, 0, 361, 398, 179, 30, 0.00%, 0, 0, 3, 246.21, 103424, 337
408, 0, 361, 398, 179, 30, 0.00%, 0, 0, 3, 260.57, 104787, 337
413, 0, 361, 398, 179, 30, 0.00%, 0, 0, 3, 267.09, 106137, 337
418, 0, 361, 398, 179, 30, 0.00%, 0, 0, 3, 262.84, 107447, 337
423, 0, 361, 398, 179, 30, 0.00%, 0, 0, 3, 262.49, 108812, 337
428, 0, 361, 398, 179, 30, 0.00%, 0, 0, 3, 271.62, 110227, 337
433, 0, 361, 398, 179, 30, 0.00%, 0, 0, 3, 269.29, 111592, 337
438, 0, 361, 398, 179, 30, 0.00%, 0, 0, 3, 268.74, 112947, 337
443, 0, 361, 398, 179, 30, 0.00%, 0, 0, 3, 259.75, 114222, 337
448, 0, 361, 398, 179, 30, 0.00%, 0, 0, 3, 269.85, 115592, 337
453, 0, 361, 398, 179, 30, 0.00%, 0, 0, 3, 272.87, 116962, 337
459, 0, 361, 398, 179, 30, 0.00%, 0, 0, 3, 270.13, 118367, 337
464, 0, 361, 398, 179, 30, 0.00%, 0, 0, 3, 259.91, 119722, 337
469, 0, 24, 398, 178, 29, 0.00%, 0, 0, 3, 261.77, 121016, 337
474, 0, 24, 398, 178, 29, 0.00%, 0, 0, 3, 265.08, 122271, 337
479, 0, 24, 398, 178, 29, 0.00%, 0, 0, 3, 275.79, 123656, 337
484, 0, 24, 398, 178, 29, 0.00%, 0, 0, 3, 264.13, 124976, 337
489, 0, 24, 398, 178, 29, 0.00%, 0, 0, 3, 266.53, 126336, 337
494, 0, 24, 398, 178, 29, 0.00%, 0, 0, 3, 278.54, 127756, 337
499, 0, 24, 398, 178, 29, 0.00%, 0, 0, 3, 288.47, 129176, 337
504, 0, 24, 398, 178, 29, 0.00%, 0, 0, 3, 268.35, 130546, 337
510, 0, 24, 398, 178, 29, 0.00%, 0, 0, 3, 201.22, 131245, 337
515, 0, 24, 398, 178, 29, 0.00%, 0, 0, 3, 306.53, 132253, 337
520, 0, 24, 398, 178, 29, 0.00%, 0, 0, 3, 296.41, 133461, 337
525, 0, 24, 398, 178, 29, 0.00%, 0, 0, 3, 280.49, 134831, 337
530, 0, 24, 398, 178, 29, 0.00%, 0, 0, 3, 301.18, 135661, 337
535, 0, 24, 398, 178, 29, 0.00%, 0, 0, 3, 305.00, 136588, 337
540, 0, 24, 398, 178, 29, 0.00%, 0, 0, 3, 209.76, 137471, 337
545, 0, 24, 398, 178, 29, 0.00%, 0, 0, 3, 223.29, 138499, 337
550, 0, 24, 398, 178, 29, 0.00%, 0, 0, 3, 290.28, 140086, 337
555, 0, 24, 398, 178, 29, 0.00%, 0, 0, 3, 302.11, 141667, 337
561, 0, 24, 398, 178, 29, 0.00%, 0, 0, 3, 303.85, 143245, 337
566, 0, 24, 398, 178, 29, 0.00%, 0, 0, 3, 297.73, 144671, 337
571, 0, 24, 398, 178, 29, 0.00%, 0, 0, 3, 308.73, 146245, 337
576, 0, 24, 398, 178, 29, 0.00%, 0, 0, 3, 308.85, 147811, 337
581, 0, 24, 398, 178, 29, 0.00%, 0, 0, 3, 305.35, 149341, 337
586, 0, 24, 398, 178, 29, 0.00%, 0, 0, 3, 274.83, 150676, 337
591, 0, 24, 398, 178, 29, 0.00%, 0, 0, 3, 288.23, 152126, 337
596, 0, 378, 398, 177, 28, 0.00%, 0, 0, 3, 255.41, 153435, 337
601, 0, 378, 398, 177, 28, 0.00%, 0, 0, 3, 209.59, 154427, 337
606, 0, 378, 399, 178, 28, 0.00%, 0, 0, 3, 213.17, 155515, 338
611, 0, 378, 399, 178, 28, 0.00%, 0, 0, 3, 230.70, 156703, 338
616, 0, 378, 399, 178, 28, 0.00%, 0, 0, 3, 231.95, 157871, 338
622, 0, 378, 399, 178, 28, 0.00%, 0, 0, 3, 216.97, 158939, 338
627, 0, 378, 399, 178, 28, 0.00%, 0, 0, 3, 237.20, 159899, 338
632, 0, 378, 399, 178, 28, 0.00%, 0, 0, 3, 28.44, 160949, 338
637, 0, 378, 399, 178, 28, 0.00%, 0, 0, 3, 193.42, 161555, 338
642, 0, 378, 399, 178, 28, 0.00%, 0, 0, 3, 33.15, 162143, 338
648, 0, 378, 399, 178, 28, 0.00%, 0, 0, 3, 4.66, 162829, 338
653, 0, 378, 399, 178, 28, 0.00%, 0, 0, 3, 215.62, 163751, 338
658, 0, 378, 399, 178, 28, 0.00%, 0, 0, 3, 231.77, 164967, 338
663, 0, 378, 399, 178, 28, 0.00%, 0, 0, 3, 234.04, 166143, 338
668, 0, 378, 400, 179, 28, 0.00%, 0, 0, 3, 223.32, 167283, 339
673, 0, 378, 400, 179, 28, 0.00%, 0, 0, 3, 229.16, 168483, 339
678, 0, 378, 400, 179, 28, 0.00%, 0, 0, 3, 209.02, 169559, 339
683, 0, 378, 400, 179, 28, 0.00%, 0, 0, 3, 235.84, 170535, 339
689, 0, 378, 400, 179, 28, 0.00%, 0, 0, 3, 225.52, 171675, 339
694, 0, 378, 400, 179, 28, 0.00%, 0, 0, 3, 214.68, 172751, 339
699, 0, 378, 400, 179, 28, 0.00%, 0, 0, 3, 220.88, 173915, 339
704, 0, 378, 400, 179, 28, 0.00%, 0, 0, 3, 211.50, 174987, 339
709, 0, 378, 400, 179, 28, 0.00%, 0, 0, 3, 212.98, 176035, 339
714, 0, 378, 400, 179, 28, 0.00%, 0, 0, 3, 223.66, 177159, 339
719, 0, 378, 400, 179, 28, 0.00%, 0, 0, 3, 225.47, 178339, 339
724, 0, 378, 400, 179, 28, 0.00%, 0, 0, 3, 223.07, 179447, 339
729, 0, 378, 400, 179, 28, 0.00%, 0, 0, 3, 214.48, 180519, 339
734, 0, 378, 400, 179, 28, 0.00%, 0, 0, 3, 230.14, 181671, 339
739, 0, 378, 400, 179, 28, 0.00%, 0, 0, 3, 233.21, 182843, 339
744, 0, 378, 400, 179, 28, 0.00%, 0, 0, 3, 224.72, 183983, 339
749, 0, 378, 400, 179, 28, 0.00%, 0, 0, 3, 199.87, 184954, 339
754, 0, 393, 402, 180, 28, 0.00%, 0, 0, 3, 278.29, 186279, 341
759, 0, 393, 402, 180, 28, 0.00%, 0, 0, 3, 408.70, 188501, 341
764, 0, 393, 403, 181, 28, 0.00%, 0, 0, 3, 421.49, 190637, 342
769, 0, 393, 403, 181, 28, 0.00%, 0, 0, 3, 421.08, 192749, 342
775, 0, 215, 403, 180, 30, 0.00%, 0, 0, 3, 407.27, 194786, 342
780, 0, 215, 403, 180, 30, 0.00%, 0, 0, 3, 419.08, 196922, 342
785, 0, 215, 403, 180, 30, 0.00%, 0, 0, 3, 418.88, 199026, 342
790, 0, 215, 403, 180, 30, 0.00%, 0, 0, 3, 428.51, 201186, 342
795, 0, 400, 403, 179, 28, 0.00%, 0, 0, 3, 416.39, 203244, 342
800, 0, 400, 403, 179, 28, 0.00%, 0, 0, 3, 419.09, 205436, 342
805, 0, 400, 403, 179, 28, 0.00%, 0, 0, 3, 414.29, 207540, 342
810, 0, 400, 403, 179, 28, 0.00%, 0, 0, 3, 410.16, 209644, 342
815, 0, 394, 403, 178, 27, 0.00%, 0, 0, 3, 383.39, 211586, 342
820, 0, 394, 403, 178, 27, 0.00%, 0, 0, 3, 320.70, 213121, 342
825, 0, 394, 404, 179, 27, 0.00%, 0, 0, 3, 336.06, 214773, 344
830, 0, 394, 404, 179, 27, 0.00%, 0, 0, 3, 359.52, 216620, 344
835, 0, 394, 404, 179, 27, 0.00%, 0, 0, 3, 362.71, 218461, 344
840, 0, 398, 404, 178, 27, 0.00%, 0, 0, 3, 266.03, 219723, 344
845, 0, 398, 404, 178, 27, 0.00%, 0, 0, 3, 232.62, 220842, 344
850, 0, 398, 404, 178, 27, 0.00%, 0, 0, 3, 224.55, 221946, 344
856, 0, 398, 404, 178, 27, 0.00%, 0, 0, 3, 219.10, 222946, 344
861, 0, 398, 404, 178, 27, 0.00%, 0, 0, 3, 224.76, 224070, 344
866, 0, 398, 404, 178, 27, 0.00%, 0, 0, 3, 229.17, 225258, 344
871, 0, 398, 404, 178, 27, 0.00%, 0, 0, 3, 226.75, 226430, 344
876, 0, 398, 404, 178, 27, 0.00%, 0, 0, 3, 206.74, 227402, 344
881, 0, 398, 404, 178, 27, 0.00%, 0, 0, 3, 208.22, 228450, 344
886, 0, 398, 404, 178, 27, 0.00%, 0, 0, 3, 202.06, 229444, 344
892, 0, 398, 404, 178, 27, 0.00%, 0, 0, 3, 165.79, 230137, 344
897, 0, 398, 404, 178, 27, 0.00%, 0, 0, 3, 207.92, 231048, 344
902, 0, 398, 404, 178, 27, 0.00%, 0, 0, 3, 213.72, 231774, 344
907, 0, 398, 404, 178, 27, 0.00%, 0, 0, 3, 215.98, 232622, 344
912, 0, 398, 404, 178, 27, 0.00%, 0, 0, 3, 226.10, 233802, 344
917, 0, 398, 404, 178, 27, 0.00%, 0, 0, 3, 231.52, 234962, 344
922, 0, 398, 404, 178, 27, 0.00%, 0, 0, 3, 230.12, 236118, 344
927, 0, 398, 404, 178, 27, 0.00%, 0, 0, 3, 235.47, 237342, 344
932, 0, 398, 404, 178, 27, 0.00%, 0, 0, 3, 234.15, 238518, 344
937, 0, 398, 404, 178, 27, 0.00%, 0, 0, 3, 237.45, 239722, 344
942, 0, 398, 404, 178, 27, 0.00%, 0, 0, 3, 234.36, 240914, 344
947, 0, 398, 404, 178, 27, 0.00%, 0, 0, 3, 235.64, 242098, 344
953, 0, 398, 404, 178, 27, 0.00%, 0, 0, 3, 238.10, 243338, 344
958, 0, 398, 404, 178, 27, 0.00%, 0, 0, 3, 236.26, 244546, 344
963, 0, 398, 404, 178, 27, 0.00%, 0, 0, 3, 231.17, 245710, 344
968, 0, 398, 404, 178, 27, 0.00%, 0, 0, 3, 229.74, 246910, 344
973, 0, 398, 405, 179, 27, 0.00%, 0, 0, 4, 229.37, 248074, 344
978, 0, 398, 405, 179, 27, 0.00%, 0, 0, 4, 232.72, 249242, 344
983, 0, 398, 405, 179, 27, 0.00%, 0, 0, 4, 229.42, 250446, 344
988, 0, 372, 405, 178, 26, 0.00%, 0, 0, 4, 260.22, 251716, 344
993, 0, 372, 405, 178, 26, 0.00%, 0, 0, 4, 387.55, 253873, 344
999, 0, 372, 405, 178, 26, 0.00%, 0, 0, 4, 406.06, 256014, 344
1004, 0, 372, 405, 178, 26, 0.00%, 0, 0, 4, 419.82, 258214, 344
1009, 0, 401, 405, 178, 26, 0.00%, 0, 0, 4, 415.30, 260376, 344
1014, 0, 401, 405, 178, 26, 0.00%, 0, 0, 4, 419.54, 262488, 344
1019, 0, 401, 405, 178, 26, 0.00%, 0, 0, 4, 420.91, 264608, 344
1024, 0, 401, 405, 178, 26, 0.00%, 0, 0, 4, 375.97, 266492, 344
1029, 0, 191, 405, 177, 25, 0.00%, 0, 0, 4, 377.27, 268415, 344
1034, 0, 191, 405, 177, 25, 0.00%, 0, 0, 4, 372.72, 270312, 344
1039, 0, 191, 405, 177, 25, 0.00%, 0, 0, 4, 373.32, 272223, 344
1045, 0, 191, 405, 177, 25, 0.00%, 0, 0, 4, 384.91, 274239, 344
1050, 0, 396, 405, 176, 24, 0.00%, 0, 0, 4, 404.70, 276320, 344
1055, 0, 396, 405, 176, 24, 0.00%, 0, 0, 4, 444.38, 278652, 344
1060, 0, 396, 405, 176, 24, 0.00%, 0, 0, 4, 443.87, 280948, 344
1065, 0, 396, 405, 176, 24, 0.00%, 0, 0, 4, 441.52, 283220, 344
1070, 0, 8, 405, 175, 23, 0.00%, 0, 0, 4, 405.09, 285330, 344
1076, 0, 8, 405, 175, 23, 0.00%, 0, 0, 4, 382.24, 287296, 344
1081, 0, 8, 405, 175, 23, 0.00%, 0, 0, 4, 385.66, 289284, 344
1086, 0, 8, 405, 175, 23, 0.00%, 0, 0, 4, 385.15, 291272, 344
1091, 0, 381, 406, 175, 22, 0.00%, 0, 0, 4, 317.88, 292978, 344
1096, 0, 381, 406, 175, 22, 0.00%, 0, 0, 4, 241.89, 294096, 344
1101, 0, 381, 406, 175, 22, 0.00%, 0, 0, 4, 215.13, 295128, 344
1106, 0, 381, 406, 175, 22, 0.00%, 0, 0, 4, 225.33, 296300, 344
1112, 0, 381, 406, 175, 22, 0.00%, 0, 0, 4, 209.39, 297328, 344
1117, 0, 381, 406, 175, 22, 0.00%, 0, 0, 4, 214.38, 298424, 344
1122, 0, 381, 406, 175, 22, 0.00%, 0, 0, 4, 222.87, 299616, 344
1127, 0, 381, 406, 175, 22, 0.00%, 0, 0, 4, 228.33, 300772, 344
1132, 0, 381, 406, 175, 22, 0.00%, 0, 0, 4, 221.29, 301856, 344
1137, 0, 381, 406, 175, 22, 0.00%, 0, 0, 4, 227.26, 303028, 344
1142, 0, 381, 407, 176, 22, 0.00%, 0, 0, 4, 215.72, 304144, 346
1147, 0, 381, 407, 176, 22, 0.00%, 0, 0, 4, 221.31, 305276, 346
1152, 0, 381, 407, 176, 22, 0.00%, 0, 0, 4, 198.22, 306277, 346
1157, 0, 381, 407, 176, 22, 0.00%, 0, 0, 4, 226.75, 307477, 346
1163, 0, 381, 407, 176, 22, 0.00%, 0, 0, 4, 234.58, 308669, 346
1168, 0, 381, 407, 176, 22, 0.00%, 0, 0, 4, 230.95, 309877, 346
1173, 0, 381, 407, 176, 22, 0.00%, 0, 0, 4, 235.73, 311097, 346
1178, 0, 381, 407, 176, 22, 0.00%, 0, 0, 4, 232.13, 312301, 346
1183, 0, 381, 407, 176, 22, 0.00%, 0, 0, 4, 228.59, 313497, 346
1188, 0, 381, 407, 176, 22, 0.00%, 0, 0, 4, 239.68, 314757, 346
1194, 0, 381, 407, 176, 22, 0.00%, 0, 0, 4, 244.75, 316029, 346
1199, 0, 381, 407, 176, 22, 0.00%, 0, 0, 4, 241.19, 317273, 346
1204, 0, 381, 407, 176, 22, 0.00%, 0, 0, 4, 242.23, 318489, 346
1209, 0, 381, 407, 176, 22, 0.00%, 0, 0, 4, 237.33, 319721, 346
1214, 0, 381, 407, 176, 22, 0.00%, 0, 0, 4, 237.53, 320957, 346
1219, 0, 381, 407, 176, 22, 0.00%, 0, 0, 4, 240.90, 322161, 346
1224, 0, 381, 407, 176, 22, 0.00%, 0, 0, 4, 240.43, 323405, 346
1230, 0, 381, 407, 176, 22, 0.00%, 0, 0, 4, 243.13, 324653, 346
1235, 0, 392, 407, 175, 22, 0.00%, 0, 0, 4, 267.72, 325982, 346
1240, 0, 392, 407, 175, 22, 0.00%, 0, 0, 4, 311.03, 327603, 346
1245, 0, 392, 407, 175, 22, 0.00%, 0, 0, 4, 318.44, 329265, 346
1250, 0, 392, 407, 175, 22, 0.00%, 0, 0, 4, 322.75, 330939, 346
1255, 0, 392, 407, 175, 22, 0.00%, 0, 0, 4, 325.64, 332625, 346
1260, 0, 391, 407, 174, 21, 0.00%, 0, 0, 4, 320.12, 334240, 346
1265, 0, 391, 407, 174, 21, 0.00%, 0, 0, 4, 316.83, 335812, 346
1271, 0, 391, 407, 174, 21, 0.00%, 0, 0, 4, 318.56, 337462, 346
1276, 0, 391, 407, 174, 21, 0.00%, 0, 0, 4, 317.24, 339052, 346
1281, 0, 391, 407, 174, 21, 0.00%, 0, 0, 4, 314.41, 340636, 346
1286, 0, 203, 407, 173, 20, 0.00%, 0, 0, 4, 343.20, 342380, 346
1291, 0, 203, 407, 173, 20, 0.00%, 0, 0, 4, 395.66, 344481, 346
1296, 0, 203, 407, 173, 20, 0.00%, 0, 0, 4, 402.45, 346552, 346
1301, 0, 203, 407, 173, 20, 0.00%, 0, 0, 4, 407.62, 348624, 346
1306, 0, 388, 408, 173, 19, 0.00%, 0, 0, 4, 354.61, 350486, 347
1311, 0, 388, 408, 173, 19, 0.00%, 0, 0, 4, 289.39, 351842, 347
1316, 0, 388, 408, 173, 19, 0.00%, 0, 0, 4, 280.31, 353227, 347
1321, 0, 388, 408, 173, 19, 0.00%, 0, 0, 4, 272.89, 354582, 347
1327, 0, 388, 408, 173, 19, 0.00%, 0, 0, 4, 266.88, 355962, 347
1332, 0, 388, 408, 173, 19, 0.00%, 0, 0, 4, 261.46, 357322, 347
1337, 0, 388, 408, 173, 19, 0.00%, 0, 0, 4, 265.41, 358657, 347
1342, 0, 388, 408, 173, 19, 0.00%, 0, 0, 4, 264.66, 359982, 347
1347, 0, 388, 408, 173, 19, 0.00%, 0, 0, 4, 259.12, 361258, 347
1352, 0, 388, 408, 173, 19, 0.00%, 0, 0, 4, 262.69, 362593, 347
1357, 0, 388, 408, 173, 19, 0.00%, 0, 0, 4, 242.27, 363791, 347
1362, 0, 388, 408, 173, 19, 0.00%, 0, 0, 4, 260.02, 365153, 347
1367, 0, 388, 408, 173, 19, 0.00%, 0, 0, 4, 254.89, 366468, 347
1372, 0, 388, 408, 173, 19, 0.00%, 0, 0, 4, 242.88, 367683, 347
1377, 0, 388, 408, 173, 19, 0.00%, 0, 0, 4, 252.72, 369023, 347
1383, 0, 388, 408, 173, 19, 0.00%, 0, 0, 4, 262.89, 370398, 347
1388, 0, 388, 408, 173, 19, 0.00%, 0, 0, 4, 257.95, 371688, 347
1393, 0, 388, 408, 173, 19, 0.00%, 0, 0, 4, 258.65, 372983, 347
1398, 0, 388, 408, 173, 19, 0.00%, 0, 0, 4, 255.29, 374268, 347
1403, 0, 388, 408, 173, 19, 0.00%, 0, 0, 4, 239.07, 375431, 347
1408, 0, 388, 408, 173, 19, 0.00%, 0, 0, 4, 247.56, 376743, 347
1413, 0, 388, 408, 173, 19, 0.00%, 0, 0, 4, 250.94, 378043, 347
1418, 0, 388, 408, 173, 19, 0.00%, 0, 0, 4, 259.34, 379353, 347
1423, 0, 388, 408, 173, 19, 0.00%, 0, 0, 4, 255.51, 380678, 347
1428, 0, 388, 408, 173, 19, 0.00%, 0, 0, 4, 258.16, 381978, 347
1434, 0, 373, 408, 172, 17, 0.00%, 0, 0, 4, 302.53, 383456, 347
1439, 0, 373, 408, 172, 17, 0.00%, 0, 0, 4, 391.35, 385572, 347
1444, 0, 373, 408, 172, 17, 0.00%, 0, 0, 4, 408.92, 387646, 347
1449, 0, 373, 408, 172, 17, 0.00%, 0, 0, 4, 413.23, 389758, 347
1454, 0, 370, 408, 171, 16, 0.00%, 0, 0, 4, 408.23, 391843, 347
1459, 0, 370, 408, 171, 16, 0.00%, 0, 0, 4, 401.75, 393899, 347
1464, 0, 370, 408, 171, 16, 0.00%, 0, 0, 4, 405.87, 395995, 347
1469, 0, 370, 408, 171, 16, 0.00%, 0, 0, 4, 406.81, 398075, 347
1474, 0, 376, 408, 170, 15, 0.00%, 0, 0, 4, 127.95, 399757, 347
1479, 0, 376, 408, 170, 15, 0.00%, 0, 0, 4, 216.58, 400983, 347
1485, 0, 376, 408, 170, 15, 0.00%, 0, 0, 4, 236.56, 402227, 347
1490, 0, 376, 408, 170, 15, 0.00%, 0, 0, 4, 225.83, 403439, 347
1495, 0, 376, 408, 170, 15, 0.00%, 0, 0, 4, 238.48, 404687, 347
1500, 0, 376, 408, 170, 15, 0.00%, 0, 0, 4, 234.82, 405899, 347
1505, 0, 376, 408, 170, 15, 0.00%, 0, 0, 4, 236.42, 407091, 347
1510, 0, 376, 408, 170, 15, 0.00%, 0, 0, 4, 222.60, 408239, 347
1516, 0, 376, 408, 170, 15, 0.00%, 0, 0, 4, 225.49, 409423, 347
1521, 0, 376, 408, 170, 15, 0.00%, 0, 0, 4, 226.70, 410555, 347
1526, 0, 376, 408, 170, 15, 0.00%, 0, 0, 4, 235.85, 411719, 347
1531, 0, 376, 408, 170, 15, 0.00%, 0, 0, 4, 239.48, 412967, 347
1536, 0, 376, 408, 170, 15, 0.00%, 0, 0, 4, 244.54, 414235, 347
1541, 0, 376, 408, 170, 15, 0.00%, 0, 0, 4, 261.08, 415368, 347
1546, 0, 376, 408, 170, 15, 0.00%, 0, 0, 4, 242.23, 416539, 347
1551, 0, 376, 408, 170, 15, 0.00%, 0, 0, 4, 237.05, 417755, 347
1556, 0, 376, 408, 170, 15, 0.00%, 0, 0, 4, 231.26, 418919, 347
1561, 0, 376, 408, 170, 15, 0.00%, 0, 0, 4, 220.20, 419987, 347
1566, 0, 376, 408, 170, 15, 0.00%, 0, 0, 4, 219.47, 421043, 347
1572, 0, 376, 408, 170, 15, 0.00%, 0, 0, 4, 229.28, 422247, 347
1577, 0, 376, 408, 170, 15, 0.00%, 0, 0, 4, 233.90, 423459, 347
1582, 0, 376, 408, 170, 15, 0.00%, 0, 0, 4, 233.76, 424683, 347
1587, 0, 376, 408, 170, 15, 0.00%, 0, 0, 4, 253.73, 425826, 347
1592, 0, 376, 408, 170, 15, 0.00%, 0, 0, 4, 234.15, 426839, 347
1597, 0, 376, 408, 170, 15, 0.00%, 0, 0, 4, 222.85, 427943, 347
1603, 0, 376, 408, 170, 15, 0.00%, 0, 0, 4, 227.67, 429139, 347
1608, 0, 376, 408, 170, 15, 0.00%, 0, 0, 4, 235.57, 430379, 347
1613, 0, 376, 408, 170, 15, 0.00%, 0, 0, 4, 234.88, 431551, 347
1618, 0, 377, 408, 169, 14, 0.00%, 0, 0, 4, 232.87, 432757, 347
1623, 0, 377, 408, 169, 14, 0.00%, 0, 0, 4, 237.42, 433957, 347
1628, 0, 377, 408, 169, 14, 0.00%, 0, 0, 4, 239.93, 435205, 347
1633, 0, 377, 408, 169, 14, 0.00%, 0, 0, 4, 242.33, 436445, 347
1638, 0, 377, 408, 169, 14, 0.00%, 0, 0, 4, 239.75, 437653, 347
1644, 0, 377, 408, 169, 14, 0.00%, 0, 0, 4, 238.86, 438885, 347
1649, 0, 377, 408, 169, 14, 0.00%, 0, 0, 4, 236.05, 440101, 347
1654, 0, 377, 408, 169, 14, 0.00%, 0, 0, 4, 239.74, 441345, 347
1659, 0, 377, 408, 169, 14, 0.00%, 0, 0, 4, 244.87, 442609, 347
1664, 0, 377, 408, 169, 14, 0.00%, 0, 0, 4, 253.42, 443865, 347
1669, 0, 377, 408, 169, 14, 0.00%, 0, 0, 4, 255.81, 445150, 347
1674, 0, 377, 408, 169, 14, 0.00%, 0, 0, 4, 232.80, 446333, 347
1679, 0, 377, 408, 169, 14, 0.00%, 0, 0, 4, 230.04, 447501, 347
1685, 0, 377, 408, 169, 14, 0.00%, 0, 0, 4, 255.32, 448600, 347
1690, 0, 377, 408, 169, 14, 0.00%, 0, 0, 4, 241.86, 449753, 347
1695, 0, 377, 408, 169, 14, 0.00%, 0, 0, 4, 248.37, 451009, 347
1700, 0, 377, 408, 169, 14, 0.00%, 0, 0, 4, 251.55, 452295, 347
1705, 0, 377, 408, 169, 14, 0.00%, 0, 0, 4, 253.56, 453580, 347
1710, 0, 377, 408, 169, 14, 0.00%, 0, 0, 4, 250.84, 454857, 347
1715, 0, 377, 408, 169, 14, 0.00%, 0, 0, 4, 253.08, 456140, 347
1720, 0, 377, 408, 169, 14, 0.00%, 0, 0, 4, 257.39, 457465, 347
1725, 0, 377, 408, 169, 14, 0.00%, 0, 0, 4, 255.59, 458800, 347
1730, 0, 377, 408, 169, 14, 0.00%, 0, 0, 4, 254.63, 460070, 347
1735, 0, 377, 408, 169, 14, 0.00%, 0, 0, 4, 249.18, 461325, 347
1741, 0, 377, 408, 169, 14, 0.00%, 0, 0, 4, 248.79, 462625, 347
1746, 0, 377, 408, 169, 14, 0.00%, 0, 0, 4, 243.71, 463920, 347
1751, 0, 405, 408, 168, 13, 0.00%, 0, 0, 4, 247.00, 465201, 347
1756, 0, 405, 408, 168, 13, 0.00%, 0, 0, 4, 250.62, 466479, 347
1761, 0, 405, 408, 168, 13, 0.00%, 0, 0, 4, 253.02, 467769, 347
1766, 0, 405, 408, 168, 13, 0.00%, 0, 0, 4, 252.12, 469044, 347
1771, 0, 405, 408, 168, 13, 0.00%, 0, 0, 4, 237.92, 470249, 347
1777, 0, 405, 408, 168, 13, 0.00%, 0, 0, 4, 238.65, 471497, 347
1782, 0, 405, 408, 168, 13, 0.00%, 0, 0, 4, 236.62, 472733, 347
1787, 0, 405, 408, 168, 13, 0.00%, 0, 0, 4, 238.78, 473941, 347
1792, 0, 405, 408, 168, 13, 0.00%, 0, 0, 4, 239.85, 475197, 347
1797, 0, 405, 408, 168, 13, 0.00%, 0, 0, 4, 225.04, 476345, 347
1802, 0, 405, 408, 168, 13, 0.00%, 0, 0, 4, 211.07, 477337, 347
1807, 0, 405, 408, 168, 13, 0.00%, 0, 0, 4, 205.97, 478345, 347
1812, 0, 405, 408, 168, 13, 0.00%, 0, 0, 4, 226.23, 479469, 347
1817, 0, 405, 408, 168, 13, 0.00%, 0, 0, 4, 243.25, 480705, 347
1822, 0, 405, 408, 168, 13, 0.00%, 0, 0, 4, 249.14, 481953, 347
1827, 0, 405, 408, 168, 13, 0.00%, 0, 0, 4, 249.91, 483209, 347
1833, 0, 405, 408, 168, 13, 0.00%, 0, 0, 4, 254.37, 484509, 347
1838, 0, 405, 408, 168, 13, 0.00%, 0, 0, 4, 253.72, 485789, 347
1843, 0, 405, 408, 168, 13, 0.00%, 0, 0, 4, 254.40, 487069, 347
1848, 0, 405, 408, 168, 13, 0.00%, 0, 0, 4, 253.77, 488349, 347
1853, 0, 405, 408, 168, 13, 0.00%, 0, 0, 4, 252.31, 489614, 347
1858, 0, 405, 408, 168, 13, 0.00%, 0, 0, 4, 255.04, 490904, 347
1863, 0, 405, 408, 168, 13, 0.00%, 0, 0, 4, 252.55, 492174, 347
1868, 0, 405, 408, 168, 13, 0.00%, 0, 0, 4, 249.95, 493449, 347
1873, 0, 405, 408, 168, 13, 0.00%, 0, 0, 4, 253.10, 494744, 347
1878, 0, 405, 408, 168, 13, 0.00%, 0, 0, 4, 251.15, 496029, 347
1883, 0, 405, 408, 168, 13, 0.00%, 0, 0, 4, 253.08, 497314, 347
1888, 0, 397, 408, 167, 12, 0.00%, 0, 0, 4, 318.09, 498970, 347
1893, 0, 397, 408, 167, 12, 0.00%, 0, 0, 4, 336.22, 500752, 347
1898, 0, 397, 408, 167, 12, 0.00%, 0, 0, 4, 346.35, 502552, 347
1904, 0, 397, 408, 167, 12, 0.00%, 0, 0, 4, 346.73, 504352, 347
1909, 0, 197, 408, 166, 11, 0.00%, 0, 0, 4, 351.31, 506142, 347
1914, 0, 197, 408, 166, 11, 0.00%, 0, 0, 4, 419.32, 508346, 347
1919, 0, 197, 408, 166, 11, 0.00%, 0, 0, 4, 435.09, 510602, 347
1924, 0, 197, 408, 166, 11, 0.00%, 0, 0, 4, 436.97, 512866, 347
1929, 0, 382, 408, 165, 10, 0.00%, 0, 0, 4, 351.06, 514693, 347
1934, 0, 382, 408, 165, 10, 0.00%, 0, 0, 4, 276.55, 515990, 347
1939, 0, 382, 408, 165, 10, 0.00%, 0, 0, 4, 252.84, 517240, 347
1944, 0, 382, 408, 165, 10, 0.00%, 0, 0, 4, 231.76, 518383, 347
1950, 0, 382, 408, 165, 10, 0.00%, 0, 0, 4, 249.00, 519691, 347
1955, 0, 382, 408, 165, 10, 0.00%, 0, 0, 4, 252.89, 520965, 347
1960, 0, 382, 408, 165, 10, 0.00%, 0, 0, 4, 254.11, 522255, 347
1965, 0, 382, 408, 165, 10, 0.00%, 0, 0, 4, 255.59, 523555, 347
1970, 0, 382, 408, 165, 10, 0.00%, 0, 0, 4, 230.12, 524695, 347
1975, 0, 382, 408, 165, 10, 0.00%, 0, 0, 4, 229.97, 525903, 347
1980, 0, 382, 408, 165, 10, 0.00%, 0, 0, 4, 238.00, 527119, 347
1985, 0, 382, 408, 165, 10, 0.00%, 0, 0, 4, 241.91, 528359, 347
1990, 0, 382, 408, 165, 10, 0.00%, 0, 0, 4, 245.25, 529651, 347
1996, 0, 382, 409, 166, 10, 0.00%, 0, 0, 4, 248.73, 530939, 347
2001, 0, 382, 409, 166, 10, 0.00%, 0, 0, 4, 253.20, 532213, 347
2006, 0, 382, 409, 166, 10, 0.00%, 0, 0, 4, 245.33, 533443, 347
2011, 0, 382, 409, 166, 10, 0.00%, 0, 0, 4, 242.26, 534707, 347
2016, 0, 382, 409, 166, 10, 0.00%, 0, 0, 4, 247.24, 535983, 347
2021, 0, 382, 409, 166, 10, 0.00%, 0, 0, 4, 231.26, 537119, 347
2026, 0, 382, 409, 166, 10, 0.00%, 0, 0, 4, 235.81, 538355, 347
2031, 0, 382, 409, 166, 10, 0.00%, 0, 0, 4, 216.68, 539459, 347
2037, 0, 382, 409, 166, 10, 0.00%, 0, 0, 4, 216.68, 540535, 347
2042, 0, 382, 409, 166, 10, 0.00%, 0, 0, 4, 239.01, 541747, 347
2047, 0, 382, 409, 166, 10, 0.00%, 0, 0, 4, 244.98, 543031, 347
2052, 0, 382, 409, 166, 10, 0.00%, 0, 0, 4, 223.42, 544119, 347
2057, 0, 382, 409, 166, 10, 0.00%, 0, 0, 4, 246.02, 545267, 347
2062, 0, 382, 409, 166, 10, 0.00%, 0, 0, 4, 248.87, 546579, 347
2067, 0, 403, 409, 165, 10, 0.00%, 0, 0, 4, 376.86, 548504, 347
2072, 0, 403, 409, 165, 10, 0.00%, 0, 0, 4, 424.50, 550720, 347
2077, 0, 403, 409, 165, 10, 0.00%, 0, 0, 4, 435.47, 552944, 347
2083, 0, 407, 409, 164, 9, 0.00%, 0, 0, 4, 432.12, 555210, 347
2088, 0, 407, 409, 164, 9, 0.00%, 0, 0, 4, 310.67, 556628, 347
2093, 0, 407, 409, 164, 9, 0.00%, 0, 0, 4, 285.34, 558024, 347
2098, 0, 407, 409, 164, 9, 0.00%, 0, 0, 4, 271.91, 559384, 347
2103, 0, 407, 409, 164, 9, 0.00%, 0, 0, 4, 275.49, 560784, 347
2108, 0, 407, 409, 164, 9, 0.00%, 0, 0, 4, 284.73, 562269, 347
2113, 0, 407, 409, 164, 9, 0.00%, 0, 0, 4, 282.72, 563684, 347
2118, 0, 407, 409, 164, 9, 0.00%, 0, 0, 4, 249.38, 564906, 347
2123, 0, 407, 409, 164, 9, 0.00%, 0, 0, 4, 278.53, 566339, 347
2128, 0, 407, 409, 164, 9, 0.00%, 0, 0, 4, 283.05, 567754, 347
2133, 0, 407, 409, 164, 9, 0.00%, 0, 0, 4, 280.07, 569144, 347
2138, 0, 407, 409, 164, 9, 0.00%, 0, 0, 4, 278.90, 570559, 347
2143, 0, 407, 409, 164, 9, 0.00%, 0, 0, 4, 276.18, 571949, 347
2148, 0, 407, 409, 164, 9, 0.00%, 0, 0, 4, 287.78, 573404, 347
2153, 0, 407, 409, 164, 9, 0.00%, 0, 0, 4, 279.97, 574859, 347
2158, 0, 407, 409, 164, 9, 0.00%, 0, 0, 4, 265.94, 576199, 347
2164, 0, 407, 409, 164, 9, 0.00%, 0, 0, 4, 244.68, 577478, 347
2169, 0, 407, 409, 164, 9, 0.00%, 0, 0, 4, 262.77, 578844, 347
2174, 0, 407, 409, 164, 9, 0.00%, 0, 0, 4, 270.53, 580229, 347
2179, 0, 407, 409, 164, 9, 0.00%, 0, 0, 4, 270.34, 581599, 347
2184, 0, 407, 409, 164, 9, 0.00%, 0, 0, 4, 274.22, 582994, 347
2189, 0, 407, 409, 164, 9, 0.00%, 0, 0, 4, 277.41, 584444, 347
2194, 0, 407, 409, 164, 9, 0.00%, 0, 0, 4, 276.22, 585829, 347
2199, 0, 407, 409, 164, 9, 0.00%, 0, 0, 4, 279.70, 587289, 347
2204, 0, 188, 409, 163, 8, 0.00%, 0, 0, 4, 366.89, 589117, 347
2210, 0, 188, 409, 163, 8, 0.00%, 0, 0, 4, 414.39, 591338, 347
2215, 0, 188, 409, 163, 8, 0.00%, 0, 0, 4, 419.56, 593450, 347
2220, 0, 188, 409, 163, 8, 0.00%, 0, 0, 4, 419.01, 595562, 347
2225, 0, 309, 411, 165, 8, 0.00%, 0, 0, 4, 303.15, 597061, 347
2230, 0, 309, 411, 165, 8, 0.00%, 0, 0, 4, 259.21, 598321, 347
2235, 0, 309, 411, 165, 8, 0.00%, 0, 0, 4, 242.69, 599561, 347
2240, 0, 309, 411, 165, 8, 0.00%, 0, 0, 4, 85.28, 600733, 347
2245, 0, 309, 411, 165, 8, 0.00%, 0, 0, 4, 204.49, 601913, 347
2250, 0, 309, 411, 165, 8, 0.00%, 0, 0, 4, 213.17, 602901, 347
2255, 0, 309, 411, 165, 8, 0.00%, 0, 0, 4, 234.40, 604085, 347
2261, 0, 309, 411, 165, 8, 0.00%, 0, 0, 4, 241.98, 605349, 347
2266, 0, 309, 411, 165, 8, 0.00%, 0, 0, 4, 241.61, 606609, 347
2271, 0, 309, 411, 165, 8, 0.00%, 0, 0, 4, 240.98, 607869, 347
2276, 0, 309, 411, 165, 8, 0.00%, 0, 0, 4, 229.03, 609081, 347
2281, 0, 309, 411, 165, 8, 0.00%, 0, 0, 4, 238.55, 610333, 347
2287, 0, 309, 411, 165, 8, 0.00%, 0, 0, 4, 233.80, 611493, 347
2292, 0, 309, 411, 165, 8, 0.00%, 0, 0, 4, 246.24, 612737, 347
2297, 0, 309, 411, 165, 8, 0.00%, 0, 0, 4, 248.07, 614029, 347
2302, 0, 309, 411, 165, 8, 0.00%, 0, 0, 4, 243.43, 615237, 347
2307, 0, 309, 411, 165, 8, 0.00%, 0, 0, 4, 242.88, 616497, 347
2312, 0, 309, 411, 165, 8, 0.00%, 0, 0, 4, 242.82, 617757, 347
2317, 0, 309, 411, 165, 8, 0.00%, 0, 0, 4, 231.53, 618933, 347
2323, 0, 309, 411, 165, 8, 0.00%, 0, 0, 4, 247.56, 620229, 347
2328, 0, 309, 411, 165, 8, 0.00%, 0, 0, 4, 247.59, 621485, 347
2333, 0, 309, 411, 165, 8, 0.00%, 0, 0, 4, 252.61, 622766, 347
2338, 0, 309, 411, 165, 8, 0.00%, 0, 0, 4, 250.04, 624026, 347
2343, 0, 309, 411, 165, 8, 0.00%, 0, 0, 4, 249.65, 625293, 347
2348, 0, 309, 411, 165, 8, 0.00%, 0, 0, 4, 252.57, 626566, 347
2353, 0, 309, 411, 165, 8, 0.00%, 0, 0, 4, 253.56, 627851, 347
2358, 0, 309, 419, 172, 7, 0.00%, 0, 0, 4, 240.58, 629101, 374
2363, 0, 411, 419, 172, 11, 0.00%, 0, 0, 4, 301.81, 630728, 374
2368, 0, 411, 419, 172, 11, 0.00%, 0, 0, 4, 313.11, 632324, 374
2373, 0, 411, 419, 172, 11, 0.00%, 0, 0, 4, 320.09, 633932, 374
2378, 0, 411, 419, 172, 11, 0.00%, 0, 0, 4, 294.07, 635474, 374
2384, 0, 411, 419, 172, 11, 0.00%, 0, 0, 4, 272.46, 636849, 374
2389, 0, 411, 419, 172, 11, 0.00%, 0, 0, 4, 310.38, 638492, 374
2394, 0, 411, 419, 172, 11, 0.00%, 0, 0, 4, 314.23, 640082, 374
2399, 0, 411, 419, 172, 11, 0.00%, 0, 0, 4, 297.94, 641618, 374
2404, 0, 411, 419, 172, 11, 0.00%, 0, 0, 4, 308.49, 643262, 374
2409, 0, 411, 419, 172, 11, 0.00%, 0, 0, 4, 318.37, 644864, 374
2414, 0, 411, 419, 172, 11, 0.00%, 0, 0, 4, 313.14, 646448, 374
2419, 0, 411, 419, 172, 11, 0.00%, 0, 0, 4, 307.77, 647984, 374
2424, 0, 411, 419, 172, 11, 0.00%, 0, 0, 4, 298.09, 649459, 374
2429, 0, 411, 419, 172, 11, 0.00%, 0, 0, 4, 288.32, 650924, 374
2434, 0, 411, 419, 172, 11, 0.00%, 0, 0, 4, 299.60, 652484, 374
2440, 0, 411, 419, 172, 11, 0.00%, 0, 0, 4, 296.94, 654004, 374
2445, 0, 411, 419, 172, 11, 0.00%, 0, 0, 4, 295.77, 655484, 374
2450, 0, 411, 419, 172, 11, 0.00%, 0, 0, 4, 298.17, 656974, 374
2455, 0, 411, 419, 172, 11, 0.00%, 0, 0, 4, 297.42, 658444, 374
2460, 0, 411, 419, 172, 11, 0.00%, 0, 0, 4, 312.06, 659906, 374
2465, 0, 411, 419, 172, 11, 0.00%, 0, 0, 4, 306.84, 661502, 374
2470, 0, 384, 419, 171, 10, 0.00%, 0, 0, 4, 248.17, 662744, 374
2475, 0, 384, 419, 171, 10, 0.00%, 0, 0, 4, 234.17, 663948, 374
2480, 0, 384, 419, 171, 10, 0.00%, 0, 0, 4, 235.81, 665136, 374
2485, 0, 384, 419, 171, 10, 0.00%, 0, 0, 4, 19.32, 666208, 374
2490, 0, 384, 419, 171, 10, 0.00%, 0, 0, 4, 202.31, 667180, 374
2495, 0, 384, 419, 171, 10, 0.00%, 0, 0, 4, 214.45, 668232, 374
2501, 0, 384, 419, 171, 10, 0.00%, 0, 0, 4, 226.67, 669412, 374
2506, 0, 384, 419, 171, 10, 0.00%, 0, 0, 4, 230.75, 670612, 374
2511, 0, 384, 419, 171, 10, 0.00%, 0, 0, 4, 227.58, 671764, 374
2516, 0, 384, 419, 171, 10, 0.00%, 0, 0, 4, 235.84, 672944, 374
2521, 0, 384, 419, 171, 10, 0.00%, 0, 0, 4, 120.54, 673992, 374
2526, 0, 384, 419, 171, 10, 0.00%, 0, 0, 4, 209.87, 675176, 374
2531, 0, 384, 419, 171, 10, 0.00%, 0, 0, 4, 226.20, 676336, 374
2536, 0, 384, 419, 171, 10, 0.00%, 0, 0, 4, 230.68, 677544, 374
2542, 0, 384, 419, 171, 10, 0.00%, 0, 0, 4, 228.18, 678712, 374
2547, 0, 384, 419, 171, 10, 0.00%, 0, 0, 4, 228.61, 679852, 374
2552, 0, 384, 419, 171, 10, 0.00%, 0, 0, 4, 226.08, 681032, 374
2557, 0, 384, 419, 171, 10, 0.00%, 0, 0, 4, 227.02, 682156, 374
2562, 0, 384, 419, 171, 10, 0.00%, 0, 0, 4, 232.31, 683368, 374
2567, 0, 384, 419, 171, 10, 0.00%, 0, 0, 4, 225.52, 684452, 374
2572, 0, 384, 419, 171, 10, 0.00%, 0, 0, 4, 229.40, 685612, 374
2577, 0, 384, 419, 171, 10, 0.00%, 0, 0, 4, 229.79, 686780, 374
2582, 0, 384, 419, 171, 10, 0.00%, 0, 0, 4, 225.99, 687904, 374
2587, 0, 384, 419, 171, 10, 0.00%, 0, 0, 4, 227.09, 689040, 374
2593, 0, 384, 419, 171, 10, 0.00%, 0, 0, 4, 225.95, 690220, 374
2598, 0, 384, 419, 171, 10, 0.00%, 0, 0, 4, 227.73, 691404, 374
2603, 0, 384, 419, 171, 10, 0.00%, 0, 0, 4, 223.94, 692524, 374
2608, 0, 384, 419, 171, 10, 0.00%, 0, 0, 4, 221.71, 693648, 374
2613, 0, 413, 419, 170, 9, 0.00%, 0, 0, 4, 230.63, 694801, 374
2618, 0, 413, 419, 170, 9, 0.00%, 0, 0, 4, 340.73, 696739, 374
2623, 0, 413, 419, 170, 9, 0.00%, 0, 0, 4, 417.63, 699001, 374
2628, 0, 413, 419, 170, 9, 0.00%, 0, 0, 4, 422.06, 701137, 374
2633, 0, 412, 419, 169, 8, 0.00%, 0, 0, 4, 386.20, 703135, 374
2638, 0, 412, 419, 169, 8, 0.00%, 0, 0, 4, 297.80, 704522, 374
2643, 0, 412, 419, 169, 8, 0.00%, 0, 0, 4, 280.78, 705932, 374
2648, 0, 412, 419, 169, 8, 0.00%, 0, 0, 4, 277.58, 707302, 374
2653, 0, 412, 419, 169, 8, 0.00%, 0, 0, 4, 267.35, 708652, 374
2659, 0, 412, 419, 169, 8, 0.00%, 0, 0, 4, 253.63, 709922, 374
2664, 0, 412, 419, 169, 8, 0.00%, 0, 0, 4, 266.65, 711322, 374
2669, 0, 412, 419, 169, 8, 0.00%, 0, 0, 4, 275.05, 712708, 374
2674, 0, 412, 419, 169, 8, 0.00%, 0, 0, 4, 264.59, 714048, 374
2679, 0, 412, 419, 169, 8, 0.00%, 0, 0, 4, 248.30, 715285, 374
2684, 0, 412, 419, 169, 8, 0.00%, 0, 0, 4, 260.00, 716405, 374
2689, 0, 412, 419, 169, 8, 0.00%, 0, 0, 4, 222.09, 717489, 374
2694, 0, 412, 419, 169, 8, 0.00%, 0, 0, 4, 218.98, 718521, 374
2699, 0, 412, 419, 169, 8, 0.00%, 0, 0, 4, 237.70, 719725, 374
2704, 0, 412, 419, 169, 8, 0.00%, 0, 0, 4, 226.96, 720829, 374
2709, 0, 412, 419, 169, 8, 0.00%, 0, 0, 4, 226.63, 721957, 374
2714, 0, 412, 419, 169, 8, 0.00%, 0, 0, 4, 243.37, 723189, 374
2719, 0, 412, 419, 169, 8, 0.00%, 0, 0, 4, 258.54, 724533, 374
2724, 0, 412, 419, 169, 8, 0.00%, 0, 0, 4, 259.19, 725828, 374
2730, 0, 412, 419, 169, 8, 0.00%, 0, 0, 4, 265.93, 727168, 374
2735, 0, 412, 419, 169, 8, 0.00%, 0, 0, 4, 275.98, 728598, 374
2740, 0, 412, 419, 169, 8, 0.00%, 0, 0, 4, 275.91, 729988, 374
2745, 0, 412, 419, 169, 8, 0.00%, 0, 0, 4, 274.30, 731353, 374
2750, 0, 412, 419, 169, 8, 0.00%, 0, 0, 4, 270.41, 732703, 374
2755, 0, 412, 419, 169, 8, 0.00%, 0, 0, 4, 270.27, 734048, 374
2760, 0, 412, 419, 169, 8, 0.00%, 0, 0, 4, 243.49, 735281, 374
2765, 0, 381, 419, 168, 7, 0.00%, 0, 0, 4, 212.63, 736293, 374
2770, 0, 381, 419, 168, 7, 0.00%, 0, 0, 4, 205.43, 737281, 374
2775, 0, 381, 419, 168, 7, 0.00%, 0, 0, 4, 226.64, 738477, 374
2780, 0, 381, 419, 168, 7, 0.00%, 0, 0, 4, 224.28, 739593, 374
2785, 0, 381, 419, 168, 7, 0.00%, 0, 0, 4, 215.21, 740677, 374
2790, 0, 381, 419, 168, 7, 0.00%, 0, 0, 4, 182.32, 741590, 374
2795, 0, 381, 419, 168, 7, 0.00%, 0, 0, 4, 176.72, 742469, 374
2800, 0, 381, 419, 168, 7, 0.00%, 0, 0, 4, 188.80, 743429, 374
2806, 0, 381, 419, 168, 7, 0.00%, 0, 0, 4, 208.60, 744525, 374
2811, 0, 381, 419, 168, 7, 0.00%, 0, 0, 4, 221.05, 745645, 374
2816, 0, 381, 419, 168, 7, 0.00%, 0, 0, 4, 223.67, 746761, 374
2821, 0, 381, 419, 168, 7, 0.00%, 0, 0, 4, 228.86, 747897, 374
2826, 0, 381, 419, 168, 7, 0.00%, 0, 0, 4, 227.01, 749037, 374
2831, 0, 381, 419, 168, 7, 0.00%, 0, 0, 4, 219.26, 750065, 374
2836, 0, 381, 419, 168, 7, 0.00%, 0, 0, 4, 210.98, 751101, 374
2841, 0, 381, 419, 168, 7, 0.00%, 0, 0, 4, 217.30, 752193, 374
2846, 0, 381, 419, 168, 7, 0.00%, 0, 0, 4, 224.30, 753313, 374
2851, 0, 381, 419, 168, 7, 0.00%, 0, 0, 4, 221.87, 754437, 374
2856, 0, 381, 419, 168, 7, 0.00%, 0, 0, 4, 219.73, 755485, 374
2861, 0, 381, 419, 168, 7, 0.00%, 0, 0, 4, 223.51, 756601, 374
2866, 0, 381, 419, 168, 7, 0.00%, 0, 0, 4, 214.58, 757649, 374
2871, 0, 381, 419, 168, 7, 0.00%, 0, 0, 4, 210.99, 758701, 374
2876, 0, 381, 419, 168, 7, 0.00%, 0, 0, 4, 198.16, 759680, 374
2882, 0, 381, 419, 168, 7, 0.00%, 0, 0, 4, 213.47, 760757, 374
2887, 0, 381, 419, 168, 7, 0.00%, 0, 0, 4, 224.14, 761949, 374
2892, 0, 381, 419, 168, 7, 0.00%, 0, 0, 4, 223.85, 763065, 374
2897, 0, 381, 419, 168, 7, 0.00%, 0, 0, 4, 223.50, 764153, 374
2902, 0, 381, 419, 168, 7, 0.00%, 0, 0, 4, 218.86, 765301, 374
2907, 0, 381, 419, 168, 7, 0.00%, 0, 0, 4, 228.42, 766509, 374
2912, 0, 381, 419, 168, 7, 0.00%, 0, 0, 4, 215.11, 767529, 374
2917, 0, 402, 419, 168, 7, 0.00%, 0, 0, 4, 235.10, 768719, 374
2922, 0, 402, 419, 168, 7, 0.00%, 0, 0, 4, 385.77, 770852, 374
2928, 0, 402, 419, 168, 7, 0.00%, 0, 0, 4, 431.64, 773127, 374
2933, 0, 402, 419, 168, 7, 0.00%, 0, 0, 4, 418.23, 775223, 374
2938, 0, 408, 419, 167, 6, 0.00%, 0, 0, 4, 344.95, 777046, 374
2943, 0, 408, 419, 167, 6, 0.00%, 0, 0, 4, 253.92, 778210, 374
2948, 0, 408, 419, 167, 6, 0.00%, 0, 0, 4, 229.76, 779321, 374
2953, 0, 408, 419, 167, 6, 0.00%, 0, 0, 4, 223.95, 780433, 374
2958, 0, 408, 419, 167, 6, 0.00%, 0, 0, 4, 194.17, 781380, 374
2963, 0, 408, 419, 167, 6, 0.00%, 0, 0, 4, 213.34, 782313, 374
2968, 0, 408, 419, 167, 6, 0.00%, 0, 0, 4, 208.78, 783385, 374
2973, 0, 408, 419, 167, 6, 0.00%, 0, 0, 4, 212.38, 784465, 374
2978, 0, 408, 419, 167, 6, 0.00%, 0, 0, 4, 226.36, 785613, 374
2983, 0, 408, 419, 167, 6, 0.00%, 0, 0, 4, 231.43, 786809, 374
2989, 0, 408, 419, 167, 6, 0.00%, 0, 0, 4, 215.49, 787929, 374
2994, 0, 408, 419, 167, 6, 0.00%, 0, 0, 4, 197.65, 788937, 374
2999, 0, 408, 419, 167, 6, 0.00%, 0, 0, 4, 193.48, 789822, 374
3004, 0, 408, 419, 167, 6, 0.00%, 0, 0, 4, 194.38, 790830, 374
3009, 0, 408, 419, 167, 6, 0.00%, 0, 0, 4, 196.63, 791808, 374
3014, 0, 408, 419, 167, 6, 0.00%, 0, 0, 4, 215.69, 792925, 374
3019, 0, 408, 419, 167, 6, 0.00%, 0, 0, 4, 203.79, 793925, 374
3024, 0, 408, 419, 167, 6, 0.00%, 0, 0, 4, 194.31, 794877, 374
3029, 0, 408, 419, 167, 6, 0.00%, 0, 0, 4, 209.05, 795913, 374
3034, 0, 408, 419, 167, 6, 0.00%, 0, 0, 4, 234.35, 797017, 374
3039, 0, 408, 419, 167, 6, 0.00%, 0, 0, 4, 216.81, 798085, 374
3044, 0, 408, 419, 167, 6, 0.00%, 0, 0, 4, 182.60, 798882, 374
3049, 0, 408, 419, 167, 6, 0.00%, 0, 0, 4, 214.24, 799765, 374
3055, 0, 408, 419, 167, 6, 0.00%, 0, 0, 4, 221.11, 800869, 374
3060, 0, 408, 419, 167, 6, 0.00%, 0, 0, 4, 217.52, 801973, 374
3065, 0, 408, 419, 167, 6, 0.00%, 0, 0, 4, 222.07, 803041, 374
3070, 0, 408, 419, 167, 6, 0.00%, 0, 0, 4, 216.37, 804125, 374
3075, 0, 408, 419, 167, 6, 0.00%, 0, 0, 4, 224.85, 805269, 374
3080, 0, 408, 419, 167, 6, 0.00%, 0, 0, 4, 211.63, 806269, 374
3085, 0, 408, 420, 168, 6, 0.00%, 0, 0, 4, 219.95, 807373, 374
3090, 0, 408, 420, 168, 6, 0.00%, 0, 0, 4, 231.57, 808553, 374
3095, 0, 226, 420, 167, 5, 0.00%, 0, 0, 4, 236.30, 809769, 374
3100, 0, 226, 420, 167, 5, 0.00%, 0, 0, 4, 277.11, 811161, 374
3105, 0, 226, 420, 167, 5, 0.00%, 0, 0, 4, 279.81, 812571, 374
3111, 0, 226, 420, 167, 5, 0.00%, 0, 0, 4, 297.07, 814141, 374
3116, 0, 226, 420, 167, 5, 0.00%, 0, 0, 4, 300.78, 815626, 374
3121, 0, 226, 420, 167, 5, 0.00%, 0, 0, 4, 313.04, 817199, 374
3126, 0, 226, 420, 167, 5, 0.00%, 0, 0, 4, 313.70, 818819, 374
3131, 0, 226, 420, 167, 5, 0.00%, 0, 0, 4, 306.42, 820355, 374
3136, 0, 226, 420, 167, 5, 0.00%, 0, 0, 4, 296.83, 821756, 374
3141, 0, 226, 420, 167, 5, 0.00%, 0, 0, 4, 308.96, 823325, 374
3146, 0, 226, 420, 167, 5, 0.00%, 0, 0, 4, 312.40, 824897, 374
3151, 0, 226, 420, 167, 5, 0.00%, 0, 0, 4, 320.71, 826554, 374
3156, 0, 226, 420, 167, 5, 0.00%, 0, 0, 4, 307.82, 828066, 374
3161, 0, 226, 420, 167, 5, 0.00%, 0, 0, 4, 299.38, 829547, 374
3167, 0, 226, 420, 167, 5, 0.00%, 0, 0, 4, 312.20, 831168, 374
3172, 0, 226, 420, 167, 5, 0.00%, 0, 0, 4, 300.11, 832687, 374
3177, 0, 226, 420, 167, 5, 0.00%, 0, 0, 4, 270.76, 834097, 374
3182, 0, 226, 420, 167, 5, 0.00%, 0, 0, 4, 292.94, 835472, 374
3187, 0, 226, 420, 167, 5, 0.00%, 0, 0, 4, 273.71, 836837, 374
3192, 0, 226, 420, 167, 5, 0.00%, 0, 0, 4, 268.45, 838167, 374
3198, 0, 226, 420, 167, 5, 0.00%, 0, 0, 4, 23.67, 838982, 374
3203, 0, 226, 420, 167, 5, 0.00%, 0, 0, 4, 22.73, 839542, 374
3208, 0, 226, 420, 167, 5, 0.00%, 0, 0, 4, 272.56, 840352, 374
3213, 0, 226, 420, 167, 5, 0.00%, 0, 0, 4, 54.64, 841001, 374
3218, 0, 226, 420, 167, 5, 0.00%, 0, 0, 4, 278.40, 842012, 374
3223, 0, 417, 420, 166, 5, 0.00%, 0, 0, 4, 222.39, 843110, 374
3228, 0, 417, 420, 166, 5, 0.00%, 0, 0, 4, 218.10, 844206, 374
3233, 0, 417, 420, 166, 5, 0.00%, 0, 0, 4, 221.10, 845334, 374
3238, 0, 417, 420, 166, 5, 0.00%, 0, 0, 4, 220.82, 846438, 374
3243, 0, 417, 420, 166, 5, 0.00%, 0, 0, 4, 218.02, 847538, 374
3248, 0, 417, 420, 166, 5, 0.00%, 0, 0, 4, 195.78, 848466, 374
3253, 0, 417, 420, 166, 5, 0.00%, 0, 0, 4, 177.12, 849296, 374
3259, 0, 417, 420, 166, 5, 0.00%, 0, 0, 4, 183.19, 850148, 374
3264, 0, 417, 420, 166, 5, 0.00%, 0, 0, 4, 210.75, 851234, 374
3269, 0, 417, 420, 166, 5, 0.00%, 0, 0, 4, 218.31, 852346, 374
3274, 0, 417, 420, 166, 5, 0.00%, 0, 0, 4, 206.32, 853350, 374
3279, 0, 417, 420, 166, 5, 0.00%, 0, 0, 4, 215.18, 854450, 374
3284, 0, 417, 420, 166, 5, 0.00%, 0, 0, 4, 195.19, 855488, 374
3289, 0, 417, 421, 167, 5, 0.00%, 0, 0, 4, 204.97, 856550, 377
3294, 0, 417, 421, 167, 5, 0.00%, 0, 0, 4, 223.24, 857694, 377
3299, 0, 417, 421, 167, 5, 0.00%, 0, 0, 4, 225.89, 858874, 377
3304, 0, 417, 421, 167, 5, 0.00%, 0, 0, 4, 223.72, 859994, 377
3309, 0, 417, 421, 167, 5, 0.00%, 0, 0, 4, 194.54, 860917, 377
3314, 0, 417, 421, 167, 5, 0.00%, 0, 0, 4, 210.07, 862002, 377
3319, 0, 417, 421, 167, 5, 0.00%, 0, 0, 4, 213.00, 863086, 377
3324, 0, 417, 421, 167, 5, 0.00%, 0, 0, 4, 216.39, 864190, 377
3329, 0, 417, 421, 167, 5, 0.00%, 0, 0, 4, 219.66, 865286, 377
3335, 0, 417, 421, 167, 5, 0.00%, 0, 0, 4, 219.28, 866422, 377
3340, 0, 417, 421, 167, 5, 0.00%, 0, 0, 4, 220.68, 867526, 377
3345, 0, 417, 421, 167, 5, 0.00%, 0, 0, 4, 232.80, 868738, 377
3350, 0, 417, 421, 167, 5, 0.00%, 0, 0, 4, 228.37, 869938, 377
3355, 0, 417, 421, 167, 5, 0.00%, 0, 0, 4, 225.65, 871110, 377
3360, 0, 417, 421, 167, 5, 0.00%, 0, 0, 4, 226.84, 872246, 377
3365, 0, 417, 421, 167, 5, 0.00%, 0, 0, 4, 32.79, 873326, 377
3370, 0, 417, 421, 167, 5, 0.00%, 0, 0, 4, 235.82, 874538, 377
3376, 0, 416, 421, 166, 4, 0.00%, 0, 0, 4, 117.92, 875422, 377
3381, 0, 416, 421, 166, 4, 0.00%, 0, 0, 4, 109.37, 875962, 377
3386, 0, 416, 422, 167, 4, 0.00%, 0, 0, 4, 113.90, 876534, 377
3391, 0, 416, 422, 167, 4, 0.00%, 0, 0, 4, 128.10, 877212, 377
3396, 0, 416, 422, 167, 4, 0.00%, 0, 0, 4, 126.28, 877864, 377
3401, 0, 416, 422, 167, 4, 0.00%, 0, 0, 4, 125.84, 878520, 377
3407, 0, 416, 422, 167, 4, 0.00%, 0, 0, 4, 117.19, 879136, 377
3412, 0, 416, 422, 167, 4, 0.00%, 0, 0, 4, 116.14, 879728, 377
3417, 0, 416, 422, 167, 4, 0.00%, 0, 0, 4, 109.72, 880274, 377
3422, 0, 416, 422, 167, 4, 0.00%, 0, 0, 4, 114.89, 880844, 377
3427, 0, 416, 422, 167, 4, 0.00%, 0, 0, 4, 127.82, 881500, 377
3432, 0, 416, 422, 167, 4, 0.00%, 0, 0, 4, 124.93, 882160, 377
3437, 0, 416, 422, 167, 4, 0.00%, 0, 0, 4, 123.46, 882815, 377
3442, 0, 416, 422, 167, 4, 0.00%, 0, 0, 4, 125.64, 883439, 377
3447, 0, 416, 422, 167, 4, 0.00%, 0, 0, 4, 131.33, 884123, 377
3453, 0, 416, 422, 167, 4, 0.00%, 0, 0, 4, 130.73, 884803, 377
3458, 0, 416, 422, 167, 4, 0.00%, 0, 0, 4, 126.95, 885465, 377
3463, 0, 416, 422, 167, 4, 0.00%, 0, 0, 4, 129.69, 886133, 377
3468, 0, 416, 422, 167, 4, 0.00%, 0, 0, 4, 121.59, 886751, 377
3473, 0, 416, 422, 167, 4, 0.00%, 0, 0, 4, 128.42, 887427, 377
3478, 0, 416, 422, 167, 4, 0.00%, 0, 0, 4, 130.42, 888077, 377
3484, 0, 416, 422, 167, 4, 0.00%, 0, 0, 4, 131.48, 888755, 377
3489, 0, 416, 422, 167, 4, 0.00%, 0, 0, 4, 129.43, 889401, 377
3494, 0, 416, 422, 167, 4, 0.00%, 0, 0, 4, 120.39, 890011, 377
3499, 0, 416, 422, 167, 4, 0.00%, 0, 0, 4, 123.84, 890625, 377
3504, 0, 416, 422, 167, 4, 0.00%, 0, 0, 4, 128.04, 891283, 377
3509, 0, 416, 422, 167, 4, 0.00%, 0, 0, 4, 122.66, 891901, 377
3514, 0, 416, 422, 167, 4, 0.00%, 0, 0, 4, 129.15, 892551, 377
3519, 0, 416, 422, 167, 4, 0.00%, 0, 0, 4, 116.00, 893157, 377
3524, 0, 416, 422, 167, 4, 0.00%, 0, 0, 4, 112.36, 893697, 377
3529, 0, 416, 422, 167, 4, 0.00%, 0, 0, 4, 118.14, 894303, 377
3534, 0, 416, 422, 167, 4, 0.00%, 0, 0, 4, 119.01, 894881, 377
3539, 0, 416, 422, 167, 4, 0.00%, 0, 0, 4, 124.59, 895535, 377
3545, 0, 416, 422, 167, 4, 0.00%, 0, 0, 4, 121.02, 896173, 377
3550, 0, 416, 422, 167, 4, 0.00%, 0, 0, 4, 120.28, 896785, 377
3555, 0, 416, 422, 167, 4, 0.00%, 0, 0, 4, 121.08, 897393, 377
3560, 0, 416, 422, 167, 4, 0.00%, 0, 0, 4, 123.16, 898031, 377
3565, 0, 416, 422, 167, 4, 0.00%, 0, 0, 4, 125.82, 898693, 377
3570, 0, 416, 422, 167, 4, 0.00%, 0, 0, 4, 128.80, 899361, 377
3576, 0, 416, 422, 167, 4, 0.00%, 0, 0, 4, 126.53, 900013, 377
3581, 0, 416, 422, 167, 4, 0.00%, 0, 0, 4, 126.93, 900675, 377
3586, 0, 416, 422, 167, 4, 0.00%, 0, 0, 4, 128.92, 901347, 377
3591, 0, 416, 422, 167, 4, 0.00%, 0, 0, 4, 126.43, 901981, 377
3596, 0, 416, 422, 167, 4, 0.00%, 0, 0, 4, 116.76, 902537, 377
3601, 0, 416, 422, 167, 4, 0.00%, 0, 0, 4, 117.98, 903121, 377
3604, 0, 416, 422, 167, 4, 0.00%, 0, 0, 4, 119.21, 903506, 377
