# relative_time, cycles_done, cur_path, paths_total, pending_total, pending_favs, map_size, unique_crashes, unique_hangs, max_depth, execs_per_sec, total_execs, edges_found
61, 0, 335, 379, 155, 20, 0.00%, 0, 0, 3, 175.32, 18127, 300
66, 0, 335, 380, 156, 20, 0.00%, 0, 0, 3, 169.37, 18999, 301
71, 0, 335, 380, 156, 20, 0.00%, 0, 0, 3, 175.24, 19896, 301
77, 0, 335, 381, 157, 20, 0.00%, 0, 0, 3, 172.04, 20759, 302
82, 0, 335, 381, 157, 20, 0.00%, 0, 0, 3, 175.11, 21662, 302
87, 0, 335, 381, 157, 20, 0.00%, 0, 0, 3, 174.27, 22538, 302
92, 0, 335, 381, 157, 20, 0.00%, 0, 0, 3, 174.73, 23408, 302
97, 0, 335, 381, 157, 20, 0.00%, 0, 0, 3, 168.36, 24245, 302
102, 0, 335, 381, 157, 20, 0.00%, 0, 0, 3, 162.87, 25067, 302
107, 0, 335, 381, 157, 20, 0.00%, 0, 0, 3, 151.08, 25825, 302
112, 0, 335, 381, 157, 20, 0.00%, 0, 0, 3, 167.79, 26727, 302
117, 0, 335, 381, 157, 20, 0.00%, 0, 0, 3, 164.47, 27576, 302
122, 0, 335, 381, 157, 20, 0.00%, 0, 0, 3, 165.24, 28425, 302
127, 0, 335, 381, 157, 20, 0.00%, 0, 0, 3, 169.57, 29295, 302
132, 0, 335, 381, 157, 20, 0.00%, 0, 0, 3, 172.63, 30165, 302
138, 0, 335, 381, 157, 20, 0.00%, 0, 0, 3, 170.88, 31050, 302
143, 0, 335, 381, 157, 20, 0.00%, 0, 0, 3, 171.46, 31944, 302
148, 0, 335, 381, 157, 20, 0.00%, 0, 0, 3, 163.90, 32766, 302
153, 0, 335, 381, 157, 20, 0.00%, 0, 0, 3, 155.96, 33535, 302
158, 0, 335, 382, 158, 20, 0.00%, 0, 0, 3, 164.63, 34374, 303
163, 0, 373, 382, 157, 22, 0.00%, 0, 0, 3, 168.48, 35212, 303
168, 0, 373, 382, 157, 22, 0.00%, 0, 0, 3, 180.00, 36127, 303
173, 0, 373, 382, 157, 22, 0.00%, 0, 0, 3, 186.25, 37084, 303
178, 0, 373, 382, 157, 22, 0.00%, 0, 0, 3, 183.91, 37996, 303
184, 0, 373, 382, 157, 22, 0.00%, 0, 0, 3, 193.12, 39013, 303
189, 0, 373, 382, 157, 22, 0.00%, 0, 0, 3, 179.00, 39901, 303
194, 0, 373, 382, 157, 22, 0.00%, 0, 0, 3, 179.34, 40825, 303
199, 0, 373, 382, 157, 22, 0.00%, 0, 0, 3, 186.23, 41800, 303
204, 0, 373, 382, 157, 22, 0.00%, 0, 0, 3, 178.06, 42661, 303
209, 0, 373, 382, 157, 22, 0.00%, 0, 0, 3, 184.20, 43633, 303
214, 0, 373, 382, 157, 22, 0.00%, 0, 0, 3, 191.99, 44590, 303
220, 0, 373, 382, 157, 22, 0.00%, 0, 0, 3, 196.09, 45616, 303
225, 0, 373, 382, 157, 22, 0.00%, 0, 0, 3, 196.95, 46552, 303
230, 0, 373, 382, 157, 22, 0.00%, 0, 0, 3, 200.96, 47594, 303
235, 0, 373, 382, 157, 22, 0.00%, 0, 0, 3, 193.33, 48559, 303
240, 0, 373, 382, 157, 22, 0.00%, 0, 0, 3, 197.56, 49582, 303
245, 0, 373, 382, 157, 22, 0.00%, 0, 0, 3, 203.69, 50638, 303
250, 0, 373, 382, 157, 22, 0.00%, 0, 0, 3, 200.03, 51643, 303
256, 0, 373, 382, 157, 22, 0.00%, 0, 0, 3, 198.91, 52660, 303
261, 0, 373, 382, 157, 22, 0.00%, 0, 0, 3, 200.23, 53690, 303
266, 0, 373, 382, 157, 22, 0.00%, 0, 0, 3, 184.13, 54628, 303
271, 0, 373, 382, 157, 22, 0.00%, 0, 0, 3, 194.45, 55621, 303
276, 0, 373, 382, 157, 22, 0.00%, 0, 0, 3, 197.58, 56650, 303
281, 0, 373, 382, 157, 22, 0.00%, 0, 0, 3, 194.21, 57628, 303
287, 0, 373, 382, 157, 22, 0.00%, 0, 0, 3, 189.40, 58615, 303
292, 0, 373, 382, 157, 22, 0.00%, 0, 0, 3, 189.15, 59584, 303
297, 0, 373, 382, 157, 22, 0.00%, 0, 0, 3, 194.54, 60592, 303
302, 0, 373, 382, 157, 22, 0.00%, 0, 0, 3, 198.80, 61630, 303
307, 0, 373, 382, 157, 22, 0.00%, 0, 0, 3, 202.16, 62682, 303
312, 0, 373, 382, 157, 22, 0.00%, 0, 0, 3, 192.83, 63646, 303
317, 0, 373, 382, 157, 22, 0.00%, 0, 0, 3, 191.09, 64630, 303
322, 0, 373, 382, 157, 22, 0.00%, 0, 0, 3, 197.20, 65629, 303
327, 0, 373, 382, 157, 22, 0.00%, 0, 0, 3, 195.76, 66601, 303
332, 0, 373, 382, 157, 22, 0.00%, 0, 0, 3, 192.29, 67555, 303
338, 0, 377, 382, 156, 21, 0.00%, 0, 0, 3, 184.28, 68512, 303
343, 0, 377, 382, 156, 21, 0.00%, 0, 0, 3, 176.53, 69388, 303
348, 0, 377, 382, 156, 21, 0.00%, 0, 0, 3, 172.44, 70252, 303
353, 0, 377, 382, 156, 21, 0.00%, 0, 0, 3, 174.59, 71122, 303
358, 0, 377, 382, 156, 21, 0.00%, 0, 0, 3, 171.38, 71977, 303
363, 0, 377, 382, 156, 21, 0.00%, 0, 0, 3, 177.28, 72883, 303
368, 0, 377, 383, 157, 21, 0.00%, 0, 0, 3, 166.59, 73731, 304
373, 0, 377, 383, 157, 21, 0.00%, 0, 0, 3, 174.14, 74613, 304
378, 0, 377, 383, 157, 21, 0.00%, 0, 0, 3, 174.37, 75522, 304
383, 0, 377, 383, 157, 21, 0.00%, 0, 0, 3, 178.40, 76455, 304
388, 0, 377, 383, 157, 21, 0.00%, 0, 0, 3, 178.26, 77352, 304
393, 0, 377, 383, 157, 21, 0.00%, 0, 0, 3, 173.56, 78225, 304
399, 0, 377, 383, 157, 21, 0.00%, 0, 0, 3, 170.39, 79110, 304
404, 0, 377, 383, 157, 21, 0.00%, 0, 0, 3, 161.84, 79932, 304
409, 0, 377, 383, 157, 21, 0.00%, 0, 0, 3, 168.04, 80631, 304
414, 0, 377, 383, 157, 21, 0.00%, 0, 0, 3, 177.15, 81486, 304
419, 0, 377, 383, 157, 21, 0.00%, 0, 0, 3, 177.78, 82371, 304
424, 0, 377, 383, 157, 21, 0.00%, 0, 0, 3, 176.94, 83256, 304
429, 0, 377, 383, 157, 21, 0.00%, 0, 0, 3, 169.98, 84129, 304
434, 0, 377, 383, 157, 21, 0.00%, 0, 0, 3, 172.53, 85035, 304
439, 0, 377, 383, 157, 21, 0.00%, 0, 0, 3, 175.85, 85914, 304
444, 0, 377, 383, 157, 21, 0.00%, 0, 0, 3, 176.27, 86796, 304
449, 0, 377, 384, 158, 21, 0.00%, 0, 0, 3, 167.40, 87611, 305
454, 0, 377, 384, 158, 21, 0.00%, 0, 0, 3, 166.70, 88400, 305
459, 0, 377, 384, 158, 21, 0.00%, 0, 0, 3, 172.98, 89270, 305
465, 0, 377, 384, 158, 21, 0.00%, 0, 0, 3, 166.22, 90086, 305
470, 0, 377, 384, 158, 21, 0.00%, 0, 0, 3, 173.01, 90965, 305
475, 0, 377, 384, 158, 21, 0.00%, 0, 0, 3, 174.50, 91874, 305
480, 0, 377, 384, 158, 21, 0.00%, 0, 0, 3, 161.23, 92660, 305
485, 0, 377, 385, 159, 21, 0.00%, 0, 0, 3, 159.13, 93445, 306
490, 0, 377, 385, 159, 21, 0.00%, 0, 0, 3, 167.67, 94270, 306
495, 0, 377, 385, 159, 21, 0.00%, 0, 0, 3, 175.00, 95067, 306
500, 0, 377, 385, 159, 21, 0.00%, 0, 0, 3, 159.88, 95818, 306
505, 0, 377, 385, 159, 21, 0.00%, 0, 0, 3, 156.87, 96571, 306
510, 0, 377, 385, 159, 21, 0.00%, 0, 0, 3, 160.17, 97366, 306
516, 0, 377, 385, 159, 21, 0.00%, 0, 0, 3, 10.87, 97933, 306
521, 0, 377, 385, 159, 21, 0.00%, 0, 0, 3, 157.49, 98407, 306
526, 0, 377, 385, 159, 21, 0.00%, 0, 0, 3, 118.42, 98863, 306
532, 0, 377, 385, 159, 21, 0.00%, 0, 0, 3, 120.49, 99299, 306
537, 0, 377, 385, 159, 21, 0.00%, 0, 0, 3, 167.62, 99922, 306
542, 0, 215, 385, 158, 19, 0.00%, 0, 0, 3, 171.61, 100769, 306
547, 0, 215, 385, 158, 19, 0.00%, 0, 0, 3, 247.38, 102152, 306
552, 0, 215, 385, 158, 19, 0.00%, 0, 0, 3, 261.93, 103492, 306
557, 0, 215, 385, 158, 19, 0.00%, 0, 0, 3, 268.61, 104867, 306
562, 0, 215, 385, 158, 19, 0.00%, 0, 0, 3, 271.74, 106257, 306
567, 0, 215, 385, 158, 19, 0.00%, 0, 0, 3, 269.63, 107647, 306
572, 0, 374, 385, 157, 17, 0.00%, 0, 0, 3, 264.54, 109033, 306
578, 0, 374, 385, 157, 17, 0.00%, 0, 0, 3, 273.26, 110473, 306
583, 0, 374, 385, 157, 17, 0.00%, 0, 0, 3, 272.94, 111868, 306
588, 0, 374, 385, 157, 17, 0.00%, 0, 0, 3, 269.81, 113243, 306
593, 0, 374, 385, 157, 17, 0.00%, 0, 0, 3, 271.17, 114613, 306
598, 0, 374, 385, 157, 17, 0.00%, 0, 0, 3, 270.94, 116003, 306
603, 0, 381, 386, 157, 16, 0.00%, 0, 0, 3, 248.11, 117313, 307
608, 0, 381, 386, 157, 16, 0.00%, 0, 0, 3, 190.59, 118202, 307
613, 0, 381, 386, 157, 16, 0.00%, 0, 0, 3, 183.56, 119135, 307
619, 0, 381, 386, 157, 16, 0.00%, 0, 0, 3, 182.41, 120074, 307
624, 0, 381, 386, 157, 16, 0.00%, 0, 0, 3, 181.45, 120974, 307
629, 0, 381, 386, 157, 16, 0.00%, 0, 0, 3, 177.64, 121886, 307
634, 0, 381, 386, 157, 16, 0.00%, 0, 0, 3, 173.82, 122708, 307
639, 0, 381, 386, 157, 16, 0.00%, 0, 0, 3, 176.45, 123599, 307
644, 0, 381, 386, 157, 16, 0.00%, 0, 0, 3, 177.81, 124520, 307
649, 0, 381, 386, 157, 16, 0.00%, 0, 0, 3, 181.26, 125435, 307
654, 0, 381, 386, 157, 16, 0.00%, 0, 0, 3, 182.40, 126359, 307
659, 0, 381, 386, 157, 16, 0.00%, 0, 0, 3, 164.66, 127172, 307
664, 0, 381, 386, 157, 16, 0.00%, 0, 0, 3, 169.26, 127988, 307
669, 0, 381, 386, 157, 16, 0.00%, 0, 0, 3, 177.81, 128891, 307
675, 0, 381, 386, 157, 16, 0.00%, 0, 0, 3, 158.12, 129650, 307
680, 0, 381, 386, 157, 16, 0.00%, 0, 0, 3, 175.19, 130547, 307
685, 0, 381, 386, 157, 16, 0.00%, 0, 0, 3, 176.77, 131435, 307
690, 0, 381, 386, 157, 16, 0.00%, 0, 0, 3, 182.60, 132389, 307
695, 0, 381, 386, 157, 16, 0.00%, 0, 0, 3, 183.07, 133334, 307
700, 0, 381, 386, 157, 16, 0.00%, 0, 0, 3, 186.37, 134312, 307
706, 0, 381, 386, 157, 16, 0.00%, 0, 0, 3, 182.60, 135263, 307
711, 0, 381, 387, 158, 16, 0.00%, 0, 0, 3, 177.84, 136129, 308
716, 0, 381, 387, 158, 16, 0.00%, 0, 0, 3, 182.78, 137071, 308
721, 0, 381, 387, 158, 16, 0.00%, 0, 0, 3, 173.47, 137983, 308
726, 0, 381, 387, 158, 16, 0.00%, 0, 0, 3, 173.99, 138874, 308
731, 0, 381, 387, 158, 16, 0.00%, 0, 0, 3, 178.67, 139813, 308
736, 0, 381, 387, 158, 16, 0.00%, 0, 0, 3, 174.80, 140689, 308
742, 0, 381, 387, 158, 16, 0.00%, 0, 0, 3, 182.66, 141643, 308
747, 0, 381, 387, 158, 16, 0.00%, 0, 0, 3, 180.56, 142579, 308
752, 0, 381, 387, 158, 16, 0.00%, 0, 0, 3, 188.62, 143515, 308
757, 0, 381, 387, 158, 16, 0.00%, 0, 0, 3, 221.61, 144710, 308
762, 0, 381, 387, 158, 16, 0.00%, 0, 0, 3, 215.87, 145786, 308
767, 0, 381, 387, 158, 16, 0.00%, 0, 0, 3, 24.92, 146874, 308
772, 0, 381, 387, 158, 16, 0.00%, 0, 0, 3, 202.29, 147882, 308
777, 0, 381, 387, 158, 16, 0.00%, 0, 0, 3, 220.85, 149026, 308
782, 0, 369, 387, 157, 16, 0.00%, 0, 0, 3, 231.26, 150130, 308
788, 0, 369, 387, 157, 16, 0.00%, 0, 0, 3, 348.84, 152070, 308
793, 0, 369, 387, 157, 16, 0.00%, 0, 0, 3, 372.13, 154020, 308
798, 0, 369, 387, 157, 16, 0.00%, 0, 0, 3, 362.87, 155854, 308
803, 0, 369, 387, 157, 16, 0.00%, 0, 0, 3, 263.75, 157136, 308
808, 0, 16, 387, 157, 16, 0.00%, 0, 0, 3, 216.65, 158208, 308
813, 0, 16, 387, 157, 16, 0.00%, 0, 0, 3, 178.99, 159062, 308
818, 0, 16, 387, 157, 16, 0.00%, 0, 0, 3, 163.54, 159863, 308
823, 0, 16, 387, 157, 16, 0.00%, 0, 0, 3, 147.13, 160570, 308
829, 0, 16, 387, 157, 16, 0.00%, 0, 0, 3, 180.96, 161468, 308
834, 0, 16, 387, 157, 16, 0.00%, 0, 0, 3, 239.40, 162768, 308
839, 0, 16, 387, 157, 16, 0.00%, 0, 0, 3, 261.55, 164115, 308
844, 0, 16, 387, 157, 16, 0.00%, 0, 0, 3, 269.03, 165510, 308
849, 0, 16, 387, 157, 16, 0.00%, 0, 0, 3, 269.01, 166915, 308
854, 0, 16, 387, 157, 16, 0.00%, 0, 0, 3, 261.60, 168200, 308
859, 0, 16, 387, 157, 16, 0.00%, 0, 0, 3, 249.36, 169540, 308
864, 0, 16, 387, 157, 16, 0.00%, 0, 0, 3, 220.41, 170612, 308
869, 0, 16, 387, 157, 16, 0.00%, 0, 0, 3, 211.46, 171660, 308
875, 0, 16, 387, 157, 16, 0.00%, 0, 0, 3, 204.91, 172652, 308
880, 0, 16, 387, 157, 16, 0.00%, 0, 0, 3, 209.05, 173716, 308
885, 0, 16, 387, 157, 16, 0.00%, 0, 0, 3, 208.93, 174760, 308
890, 0, 16, 387, 157, 16, 0.00%, 0, 0, 3, 208.60, 175816, 308
895, 0, 16, 387, 157, 16, 0.00%, 0, 0, 3, 206.91, 176840, 308
900, 0, 16, 387, 157, 16, 0.00%, 0, 0, 3, 205.95, 177880, 308
905, 0, 16, 387, 157, 16, 0.00%, 0, 0, 3, 204.32, 178884, 308
910, 0, 16, 387, 157, 16, 0.00%, 0, 0, 3, 186.24, 179795, 308
915, 0, 16, 387, 157, 16, 0.00%, 0, 0, 3, 195.86, 180770, 308
920, 0, 16, 387, 157, 16, 0.00%, 0, 0, 3, 204.58, 181828, 308
925, 0, 368, 387, 156, 15, 0.00%, 0, 0, 3, 206.17, 182869, 308
930, 0, 368, 387, 156, 15, 0.00%, 0, 0, 3, 248.77, 184217, 308
935, 0, 368, 387, 156, 15, 0.00%, 0, 0, 3, 258.74, 185528, 308
941, 0, 368, 387, 156, 15, 0.00%, 0, 0, 3, 258.61, 186848, 308
946, 0, 368, 387, 156, 15, 0.00%, 0, 0, 3, 258.92, 188168, 308
951, 0, 368, 387, 156, 15, 0.00%, 0, 0, 3, 240.09, 189409, 308
956, 0, 368, 387, 156, 15, 0.00%, 0, 0, 3, 259.18, 190728, 308
961, 0, 368, 387, 156, 15, 0.00%, 0, 0, 3, 270.84, 192188, 308
966, 0, 368, 387, 156, 15, 0.00%, 0, 0, 3, 264.69, 193508, 308
971, 0, 368, 387, 156, 15, 0.00%, 0, 0, 3, 278.81, 194888, 308
976, 0, 368, 387, 156, 15, 0.00%, 0, 0, 3, 266.41, 196208, 308
981, 0, 368, 387, 156, 15, 0.00%, 0, 0, 3, 262.31, 197528, 308
986, 0, 368, 387, 156, 15, 0.00%, 0, 0, 3, 261.06, 198848, 308
991, 0, 368, 387, 156, 15, 0.00%, 0, 0, 3, 259.49, 200168, 308
996, 0, 368, 387, 156, 15, 0.00%, 0, 0, 3, 260.24, 201478, 308
1001, 0, 368, 387, 156, 15, 0.00%, 0, 0, 3, 262.64, 202798, 308
1007, 0, 368, 387, 156, 15, 0.00%, 0, 0, 3, 271.92, 204198, 308
1012, 0, 368, 387, 156, 15, 0.00%, 0, 0, 3, 271.73, 205598, 308
1017, 0, 368, 387, 156, 15, 0.00%, 0, 0, 3, 259.99, 206918, 308
1022, 0, 297, 388, 156, 14, 0.00%, 0, 0, 3, 204.70, 207973, 308
1027, 0, 297, 388, 156, 14, 0.00%, 0, 0, 3, 188.18, 208882, 308
1032, 0, 297, 388, 156, 14, 0.00%, 0, 0, 3, 183.03, 209824, 308
1037, 0, 297, 388, 156, 14, 0.00%, 0, 0, 3, 182.27, 210781, 308
1043, 0, 297, 388, 156, 14, 0.00%, 0, 0, 3, 184.02, 211708, 308
1048, 0, 297, 388, 156, 14, 0.00%, 0, 0, 3, 182.95, 212623, 308
1053, 0, 297, 388, 156, 14, 0.00%, 0, 0, 3, 183.60, 213553, 308
1058, 0, 297, 388, 156, 14, 0.00%, 0, 0, 3, 186.09, 214507, 308
1063, 0, 297, 388, 156, 14, 0.00%, 0, 0, 3, 187.83, 215476, 308
1068, 0, 297, 388, 156, 14, 0.00%, 0, 0, 3, 186.00, 216442, 308
1073, 0, 297, 388, 156, 14, 0.00%, 0, 0, 3, 186.03, 217402, 308
1078, 0, 297, 388, 156, 14, 0.00%, 0, 0, 3, 187.17, 218371, 308
1084, 0, 297, 388, 156, 14, 0.00%, 0, 0, 3, 184.83, 219328, 308
1089, 0, 297, 388, 156, 14, 0.00%, 0, 0, 3, 182.69, 220240, 308
1094, 0, 297, 388, 156, 14, 0.00%, 0, 0, 3, 183.96, 221203, 308
1099, 0, 297, 388, 156, 14, 0.00%, 0, 0, 3, 179.15, 222109, 308
1104, 0, 297, 388, 156, 14, 0.00%, 0, 0, 3, 166.02, 222946, 308
1109, 0, 297, 388, 156, 14, 0.00%, 0, 0, 3, 174.39, 223846, 308
1114, 0, 297, 388, 156, 14, 0.00%, 0, 0, 3, 178.01, 224788, 308
1120, 0, 297, 388, 156, 14, 0.00%, 0, 0, 3, 185.96, 225760, 308
1125, 0, 297, 388, 156, 14, 0.00%, 0, 0, 3, 186.85, 226717, 308
1130, 0, 297, 388, 156, 14, 0.00%, 0, 0, 3, 187.83, 227692, 308
1135, 0, 297, 388, 156, 14, 0.00%, 0, 0, 3, 187.99, 228655, 308
1140, 0, 297, 388, 156, 14, 0.00%, 0, 0, 3, 178.51, 229510, 308
1145, 0, 297, 388, 156, 14, 0.00%, 0, 0, 3, 184.05, 230428, 308
1150, 0, 297, 388, 156, 14, 0.00%, 0, 0, 3, 173.40, 231304, 308
1155, 0, 297, 388, 156, 14, 0.00%, 0, 0, 3, 165.05, 232135, 308
1160, 0, 297, 388, 156, 14, 0.00%, 0, 0, 3, 187.62, 233029, 308
1165, 0, 297, 388, 156, 14, 0.00%, 0, 0, 3, 186.12, 233992, 308
1171, 0, 297, 388, 156, 14, 0.00%, 0, 0, 3, 184.85, 234943, 308
1176, 0, 297, 388, 156, 14, 0.00%, 0, 0, 3, 185.37, 235909, 308
1181, 0, 297, 388, 156, 14, 0.00%, 0, 0, 3, 179.85, 236674, 308
1186, 0, 297, 388, 156, 14, 0.00%, 0, 0, 3, 181.22, 237574, 308
1191, 0, 297, 388, 156, 14, 0.00%, 0, 0, 3, 190.44, 238480, 308
1196, 0, 297, 388, 156, 14, 0.00%, 0, 0, 3, 187.09, 239437, 308
1201, 0, 309, 391, 158, 13, 0.00%, 0, 0, 3, 180.28, 240375, 309
1206, 0, 309, 393, 160, 13, 0.00%, 0, 0, 3, 173.84, 241267, 310
1212, 0, 309, 393, 160, 13, 0.00%, 0, 0, 3, 172.09, 242170, 310
1217, 0, 309, 393, 160, 13, 0.00%, 0, 0, 3, 169.91, 243026, 310
1222, 0, 309, 393, 160, 13, 0.00%, 0, 0, 3, 172.23, 243899, 310
1227, 0, 309, 393, 160, 13, 0.00%, 0, 0, 3, 175.12, 244814, 310
1232, 0, 309, 393, 160, 13, 0.00%, 0, 0, 3, 162.27, 245609, 310
1237, 0, 309, 393, 160, 13, 0.00%, 0, 0, 3, 162.15, 246434, 310
1242, 0, 309, 393, 160, 13, 0.00%, 0, 0, 3, 172.33, 247337, 310
1247, 0, 309, 393, 160, 13, 0.00%, 0, 0, 3, 152.05, 248090, 310
1252, 0, 309, 393, 160, 13, 0.00%, 0, 0, 3, 162.86, 248942, 310
1257, 0, 309, 393, 160, 13, 0.00%, 0, 0, 3, 159.78, 249749, 310
1262, 0, 309, 393, 160, 13, 0.00%, 0, 0, 3, 151.83, 250499, 310
1267, 0, 309, 393, 160, 13, 0.00%, 0, 0, 3, 165.86, 251345, 310
1273, 0, 309, 393, 160, 13, 0.00%, 0, 0, 3, 172.18, 252251, 310
1278, 0, 309, 393, 160, 13, 0.00%, 0, 0, 3, 171.00, 253130, 310
1283, 0, 309, 393, 160, 13, 0.00%, 0, 0, 3, 174.09, 254042, 310
1288, 0, 309, 393, 160, 13, 0.00%, 0, 0, 3, 174.63, 254915, 310
1293, 0, 309, 393, 160, 13, 0.00%, 0, 0, 3, 175.15, 255824, 310
1298, 0, 309, 393, 160, 13, 0.00%, 0, 0, 3, 174.98, 256730, 310
1303, 0, 309, 393, 160, 13, 0.00%, 0, 0, 3, 174.54, 257639, 310
1309, 0, 309, 393, 160, 13, 0.00%, 0, 0, 3, 175.78, 258551, 310
1314, 0, 309, 393, 160, 13, 0.00%, 0, 0, 3, 173.54, 259427, 310
1319, 0, 309, 393, 160, 13, 0.00%, 0, 0, 3, 175.34, 260348, 310
1324, 0, 309, 393, 160, 13, 0.00%, 0, 0, 3, 165.34, 261158, 310
1329, 0, 309, 393, 160, 13, 0.00%, 0, 0, 3, 172.98, 262055, 310
1334, 0, 309, 393, 160, 13, 0.00%, 0, 0, 3, 175.05, 262943, 310
1339, 0, 309, 394, 161, 13, 0.00%, 0, 0, 3, 169.78, 263794, 310
1344, 0, 309, 394, 161, 13, 0.00%, 0, 0, 3, 169.25, 264670, 310
1350, 0, 309, 394, 161, 13, 0.00%, 0, 0, 3, 171.03, 265552, 310
1355, 0, 309, 394, 161, 13, 0.00%, 0, 0, 3, 170.54, 266398, 310
1360, 0, 309, 394, 161, 13, 0.00%, 0, 0, 3, 174.02, 267304, 310
1365, 0, 309, 394, 161, 13, 0.00%, 0, 0, 3, 175.46, 268216, 310
1370, 0, 309, 394, 161, 13, 0.00%, 0, 0, 3, 169.03, 269059, 310
1375, 0, 309, 394, 161, 13, 0.00%, 0, 0, 3, 170.57, 269950, 310
1380, 0, 309, 394, 161, 13, 0.00%, 0, 0, 3, 176.07, 270868, 310
1385, 0, 309, 394, 161, 13, 0.00%, 0, 0, 3, 175.45, 271756, 310
1390, 0, 309, 394, 161, 13, 0.00%, 0, 0, 3, 173.31, 272620, 310
1396, 0, 376, 394, 160, 14, 0.00%, 0, 0, 3, 225.09, 273757, 310
1401, 0, 376, 394, 160, 14, 0.00%, 0, 0, 3, 264.26, 275174, 310
1406, 0, 376, 394, 160, 14, 0.00%, 0, 0, 3, 273.34, 276599, 310
1411, 0, 376, 394, 160, 14, 0.00%, 0, 0, 3, 281.29, 278009, 310
1416, 0, 376, 394, 160, 14, 0.00%, 0, 0, 3, 273.40, 279394, 310
1421, 0, 376, 394, 160, 14, 0.00%, 0, 0, 3, 276.89, 280829, 310
1426, 0, 392, 395, 161, 14, 0.00%, 0, 0, 3, 207.63, 281880, 311
1431, 0, 392, 395, 161, 14, 0.00%, 0, 0, 3, 172.26, 282698, 311
1436, 0, 392, 395, 161, 14, 0.00%, 0, 0, 3, 159.83, 283481, 311
1442, 0, 392, 395, 161, 14, 0.00%, 0, 0, 3, 150.67, 284270, 311
1447, 0, 392, 395, 161, 14, 0.00%, 0, 0, 3, 170.83, 285167, 311
1452, 0, 392, 395, 161, 14, 0.00%, 0, 0, 3, 171.91, 286064, 311
1457, 0, 392, 395, 161, 14, 0.00%, 0, 0, 3, 153.40, 286712, 311
1462, 0, 392, 395, 161, 14, 0.00%, 0, 0, 3, 155.66, 287498, 311
1467, 0, 392, 395, 161, 14, 0.00%, 0, 0, 3, 164.13, 288347, 311
1472, 0, 392, 395, 161, 14, 0.00%, 0, 0, 3, 162.47, 289172, 311
1478, 0, 392, 395, 161, 14, 0.00%, 0, 0, 3, 168.27, 290060, 311
1483, 0, 392, 395, 161, 14, 0.00%, 0, 0, 3, 69.65, 290637, 311
1488, 0, 392, 395, 161, 14, 0.00%, 0, 0, 3, 133.02, 291368, 311
1493, 0, 392, 395, 161, 14, 0.00%, 0, 0, 3, 161.04, 292235, 311
1498, 0, 392, 395, 161, 14, 0.00%, 0, 0, 3, 166.13, 293081, 311
1503, 0, 392, 395, 161, 14, 0.00%, 0, 0, 3, 171.94, 293858, 311
1508, 0, 392, 395, 161, 14, 0.00%, 0, 0, 3, 163.62, 294686, 311
1513, 0, 392, 395, 161, 14, 0.00%, 0, 0, 3, 156.90, 295484, 311
1518, 0, 392, 395, 161, 14, 0.00%, 0, 0, 3, 162.52, 296315, 311
1523, 0, 392, 395, 161, 14, 0.00%, 0, 0, 3, 173.09, 297194, 311
1528, 0, 392, 395, 161, 14, 0.00%, 0, 0, 3, 155.74, 297971, 311
1534, 0, 392, 395, 161, 14, 0.00%, 0, 0, 3, 166.56, 298721, 311
1539, 0, 392, 395, 161, 14, 0.00%, 0, 0, 3, 173.67, 299621, 311
1544, 0, 392, 395, 161, 14, 0.00%, 0, 0, 3, 174.59, 300494, 311
1549, 0, 392, 395, 161, 14, 0.00%, 0, 0, 3, 174.02, 301397, 311
1554, 0, 392, 395, 161, 14, 0.00%, 0, 0, 3, 169.89, 302246, 311
1559, 0, 392, 395, 161, 14, 0.00%, 0, 0, 3, 172.47, 303113, 311
1564, 0, 392, 395, 161, 14, 0.00%, 0, 0, 3, 175.13, 304022, 311
1569, 0, 392, 395, 161, 14, 0.00%, 0, 0, 3, 177.58, 304943, 311
1574, 0, 392, 395, 161, 14, 0.00%, 0, 0, 3, 169.68, 305798, 311
1579, 0, 392, 395, 161, 14, 0.00%, 0, 0, 3, 166.39, 306608, 311
1585, 0, 392, 395, 161, 14, 0.00%, 0, 0, 3, 168.93, 307460, 311
1590, 0, 392, 395, 161, 14, 0.00%, 0, 0, 3, 171.10, 308318, 311
1595, 0, 392, 395, 161, 14, 0.00%, 0, 0, 3, 170.79, 309179, 311
1600, 0, 392, 395, 161, 14, 0.00%, 0, 0, 3, 171.90, 310043, 311
1605, 0, 392, 395, 161, 14, 0.00%, 0, 0, 3, 171.80, 310940, 311
1610, 0, 392, 395, 161, 14, 0.00%, 0, 0, 3, 172.95, 311798, 311
1615, 0, 392, 395, 161, 14, 0.00%, 0, 0, 3, 174.75, 312704, 311
1620, 0, 392, 395, 161, 14, 0.00%, 0, 0, 3, 171.84, 313574, 311
1625, 0, 375, 395, 160, 13, 0.00%, 0, 0, 3, 200.37, 314579, 311
1630, 0, 375, 396, 161, 13, 0.00%, 0, 0, 3, 221.26, 315750, 312
1636, 0, 375, 396, 161, 13, 0.00%, 0, 0, 3, 229.40, 316954, 312
1641, 0, 375, 396, 161, 13, 0.00%, 0, 0, 3, 232.24, 318162, 312
1646, 0, 375, 396, 161, 13, 0.00%, 0, 0, 3, 233.71, 319338, 312
1651, 0, 375, 397, 162, 13, 0.00%, 0, 0, 3, 231.80, 320498, 314
1656, 0, 375, 397, 162, 13, 0.00%, 0, 0, 3, 220.17, 321622, 314
1661, 0, 395, 397, 161, 14, 0.00%, 0, 0, 3, 218.04, 322704, 314
1666, 0, 395, 397, 161, 14, 0.00%, 0, 0, 3, 234.31, 323932, 314
1671, 0, 395, 397, 161, 14, 0.00%, 0, 0, 3, 242.89, 325193, 314
1677, 0, 395, 397, 161, 14, 0.00%, 0, 0, 3, 241.78, 326441, 314
1682, 0, 395, 397, 161, 14, 0.00%, 0, 0, 3, 240.57, 327649, 314
1687, 0, 395, 397, 161, 14, 0.00%, 0, 0, 3, 240.87, 328885, 314
1692, 0, 395, 397, 161, 14, 0.00%, 0, 0, 3, 246.34, 330177, 314
1697, 0, 394, 397, 160, 13, 0.00%, 0, 0, 3, 196.71, 331139, 314
1702, 0, 394, 398, 161, 13, 0.00%, 0, 0, 4, 178.02, 332044, 315
1707, 0, 394, 398, 161, 13, 0.00%, 0, 0, 4, 169.11, 332890, 315
1712, 0, 394, 398, 161, 13, 0.00%, 0, 0, 4, 169.98, 333769, 315
1718, 0, 394, 399, 162, 13, 0.00%, 0, 0, 4, 167.89, 334638, 316
1723, 0, 394, 399, 162, 13, 0.00%, 0, 0, 4, 170.42, 335529, 316
1728, 0, 394, 399, 162, 13, 0.00%, 0, 0, 4, 168.96, 336366, 316
1733, 0, 394, 399, 162, 13, 0.00%, 0, 0, 4, 173.83, 337272, 316
1738, 0, 394, 399, 162, 13, 0.00%, 0, 0, 4, 162.98, 338073, 316
1743, 0, 394, 399, 162, 13, 0.00%, 0, 0, 4, 162.74, 338919, 316
1748, 0, 394, 399, 162, 13, 0.00%, 0, 0, 4, 162.84, 339744, 316
1753, 0, 394, 399, 162, 13, 0.00%, 0, 0, 4, 166.28, 340578, 316
1758, 0, 394, 399, 162, 13, 0.00%, 0, 0, 4, 171.65, 341466, 316
1763, 0, 394, 399, 162, 13, 0.00%, 0, 0, 4, 155.04, 342252, 316
1768, 0, 394, 399, 162, 13, 0.00%, 0, 0, 4, 162.06, 343071, 316
1773, 0, 394, 399, 162, 13, 0.00%, 0, 0, 4, 160.15, 343830, 316
1778, 0, 394, 399, 162, 13, 0.00%, 0, 0, 4, 168.75, 344682, 316
1784, 0, 394, 399, 162, 13, 0.00%, 0, 0, 4, 171.38, 345570, 316
1789, 0, 394, 399, 162, 13, 0.00%, 0, 0, 4, 169.66, 346443, 316
1794, 0, 394, 399, 162, 13, 0.00%, 0, 0, 4, 171.79, 347337, 316
1799, 0, 394, 399, 162, 13, 0.00%, 0, 0, 4, 171.26, 348225, 316
1804, 0, 394, 399, 162, 13, 0.00%, 0, 0, 4, 174.31, 349107, 316
1809, 0, 394, 399, 162, 13, 0.00%, 0, 0, 4, 175.27, 350010, 316
1815, 0, 394, 399, 162, 13, 0.00%, 0, 0, 4, 172.06, 350901, 316
1820, 0, 394, 399, 162, 13, 0.00%, 0, 0, 4, 171.70, 351753, 316
1825, 0, 394, 399, 162, 13, 0.00%, 0, 0, 4, 167.23, 352596, 316
1830, 0, 394, 399, 162, 13, 0.00%, 0, 0, 4, 155.35, 353322, 316
1835, 0, 394, 399, 162, 13, 0.00%, 0, 0, 4, 165.99, 354171, 316
1840, 0, 394, 399, 162, 13, 0.00%, 0, 0, 4, 169.67, 355062, 316
1845, 0, 394, 399, 162, 13, 0.00%, 0, 0, 4, 166.22, 355893, 316
1850, 0, 394, 399, 162, 13, 0.00%, 0, 0, 4, 170.79, 356754, 316
1855, 0, 394, 399, 162, 13, 0.00%, 0, 0, 4, 163.77, 357597, 316
1860, 0, 394, 399, 162, 13, 0.00%, 0, 0, 4, 168.62, 358443, 316
1865, 0, 394, 399, 162, 13, 0.00%, 0, 0, 4, 167.47, 359310, 316
1870, 0, 394, 399, 162, 13, 0.00%, 0, 0, 4, 165.15, 360147, 316
1876, 0, 394, 399, 162, 13, 0.00%, 0, 0, 4, 155.59, 360876, 316
1881, 0, 394, 399, 162, 13, 0.00%, 0, 0, 4, 165.97, 361716, 316
1886, 0, 394, 399, 162, 13, 0.00%, 0, 0, 4, 171.80, 362607, 316
1891, 0, 391, 399, 161, 14, 0.00%, 0, 0, 4, 175.57, 363529, 316
1896, 0, 391, 399, 161, 14, 0.00%, 0, 0, 4, 173.89, 364435, 316
1901, 0, 391, 399, 161, 14, 0.00%, 0, 0, 4, 172.57, 365329, 316
1907, 0, 391, 399, 161, 14, 0.00%, 0, 0, 4, 173.88, 366235, 316
1912, 0, 391, 399, 161, 14, 0.00%, 0, 0, 4, 172.90, 367099, 316
1917, 0, 391, 399, 161, 14, 0.00%, 0, 0, 4, 171.09, 367987, 316
1922, 0, 391, 399, 161, 14, 0.00%, 0, 0, 4, 173.32, 368890, 316
1927, 0, 391, 399, 161, 14, 0.00%, 0, 0, 4, 173.41, 369790, 316
1932, 0, 391, 399, 161, 14, 0.00%, 0, 0, 4, 174.63, 370705, 316
1938, 0, 391, 399, 161, 14, 0.00%, 0, 0, 4, 174.35, 371563, 316
1943, 0, 391, 399, 161, 14, 0.00%, 0, 0, 4, 175.08, 372481, 316
1948, 0, 391, 399, 161, 14, 0.00%, 0, 0, 4, 177.58, 373405, 316
1953, 0, 391, 399, 161, 14, 0.00%, 0, 0, 4, 178.46, 374329, 316
1958, 0, 391, 399, 161, 14, 0.00%, 0, 0, 4, 180.50, 375274, 316
1963, 0, 391, 399, 161, 14, 0.00%, 0, 0, 4, 172.78, 376171, 316
1968, 0, 391, 399, 161, 14, 0.00%, 0, 0, 4, 178.34, 377068, 316
1973, 0, 391, 399, 161, 14, 0.00%, 0, 0, 4, 179.84, 377974, 316
1979, 0, 391, 399, 161, 14, 0.00%, 0, 0, 4, 171.81, 378829, 316
1984, 0, 391, 399, 161, 14, 0.00%, 0, 0, 4, 156.52, 379576, 316
1989, 0, 391, 399, 161, 14, 0.00%, 0, 0, 4, 166.37, 380431, 316
1994, 0, 391, 399, 161, 14, 0.00%, 0, 0, 4, 169.68, 381313, 316
1999, 0, 391, 399, 161, 14, 0.00%, 0, 0, 4, 102.94, 381941, 316
2004, 0, 391, 399, 161, 14, 0.00%, 0, 0, 4, 157.97, 382798, 316
2009, 0, 391, 399, 161, 14, 0.00%, 0, 0, 4, 173.73, 383695, 316
2014, 0, 391, 399, 161, 14, 0.00%, 0, 0, 4, 169.11, 384586, 316
2019, 0, 391, 399, 161, 14, 0.00%, 0, 0, 4, 170.21, 385426, 316
2024, 0, 391, 399, 161, 14, 0.00%, 0, 0, 4, 179.97, 386365, 316
2029, 0, 391, 399, 161, 14, 0.00%, 0, 0, 4, 177.65, 387286, 316
2035, 0, 391, 399, 161, 14, 0.00%, 0, 0, 4, 167.25, 388114, 316
2040, 0, 391, 399, 161, 14, 0.00%, 0, 0, 4, 172.87, 388975, 316
2045, 0, 391, 399, 161, 14, 0.00%, 0, 0, 4, 172.13, 389848, 316
2050, 0, 391, 399, 161, 14, 0.00%, 0, 0, 4, 173.10, 390742, 316
2055, 0, 391, 399, 161, 14, 0.00%, 0, 0, 4, 175.52, 391645, 316
2060, 0, 391, 399, 161, 14, 0.00%, 0, 0, 4, 174.76, 392542, 316
2066, 0, 391, 399, 161, 14, 0.00%, 0, 0, 4, 174.74, 393442, 316
2071, 0, 391, 399, 161, 14, 0.00%, 0, 0, 4, 166.99, 394270, 316
2076, 0, 391, 399, 161, 14, 0.00%, 0, 0, 4, 173.97, 395149, 316
2081, 0, 391, 399, 161, 14, 0.00%, 0, 0, 4, 173.16, 396049, 316
2086, 0, 398, 400, 161, 13, 0.00%, 0, 0, 5, 170.20, 396910, 317
2091, 0, 398, 400, 161, 13, 0.00%, 0, 0, 5, 172.58, 397774, 317
2096, 0, 398, 400, 161, 13, 0.00%, 0, 0, 5, 173.35, 398668, 317
2101, 0, 398, 400, 161, 13, 0.00%, 0, 0, 5, 171.07, 399526, 317
2106, 0, 398, 400, 161, 13, 0.00%, 0, 0, 5, 174.34, 400405, 317
2111, 0, 398, 400, 161, 13, 0.00%, 0, 0, 5, 169.59, 401263, 317
2116, 0, 398, 400, 161, 13, 0.00%, 0, 0, 5, 162.89, 402070, 317
2122, 0, 398, 400, 161, 13, 0.00%, 0, 0, 5, 173.73, 402991, 317
2127, 0, 398, 400, 161, 13, 0.00%, 0, 0, 5, 175.41, 403906, 317
2132, 0, 398, 400, 161, 13, 0.00%, 0, 0, 5, 174.66, 404809, 317
2137, 0, 398, 400, 161, 13, 0.00%, 0, 0, 5, 172.84, 405700, 317
2142, 0, 398, 400, 161, 13, 0.00%, 0, 0, 5, 174.84, 406612, 317
2147, 0, 398, 400, 161, 13, 0.00%, 0, 0, 5, 169.85, 407479, 317
2152, 0, 398, 400, 161, 13, 0.00%, 0, 0, 5, 171.75, 408343, 317
2157, 0, 398, 400, 161, 13, 0.00%, 0, 0, 5, 159.81, 409135, 317
2162, 0, 398, 400, 161, 13, 0.00%, 0, 0, 5, 173.68, 410020, 317
2168, 0, 398, 400, 161, 13, 0.00%, 0, 0, 5, 173.72, 410884, 317
2173, 0, 398, 400, 161, 13, 0.00%, 0, 0, 5, 175.78, 411799, 317
2178, 0, 398, 400, 161, 13, 0.00%, 0, 0, 5, 176.81, 412687, 317
2183, 0, 398, 400, 161, 13, 0.00%, 0, 0, 5, 171.13, 413452, 317
2188, 0, 398, 400, 161, 13, 0.00%, 0, 0, 5, 176.68, 414373, 317
2193, 0, 398, 400, 161, 13, 0.00%, 0, 0, 5, 177.89, 415294, 317
2198, 0, 398, 400, 161, 13, 0.00%, 0, 0, 5, 170.42, 416203, 317
2203, 0, 398, 400, 161, 13, 0.00%, 0, 0, 5, 172.42, 417055, 317
2209, 0, 398, 400, 161, 13, 0.00%, 0, 0, 5, 172.75, 417928, 317
2214, 0, 398, 400, 161, 13, 0.00%, 0, 0, 5, 173.87, 418828, 317
2219, 0, 398, 400, 161, 13, 0.00%, 0, 0, 5, 172.92, 419725, 317
2224, 0, 398, 400, 161, 13, 0.00%, 0, 0, 5, 175.73, 420604, 317
2229, 0, 398, 400, 161, 13, 0.00%, 0, 0, 5, 176.48, 421492, 317
2234, 0, 398, 400, 161, 13, 0.00%, 0, 0, 5, 176.28, 422398, 317
2239, 0, 398, 400, 161, 13, 0.00%, 0, 0, 5, 176.42, 423316, 317
2244, 0, 398, 400, 161, 13, 0.00%, 0, 0, 5, 171.24, 424150, 317
2250, 0, 398, 400, 161, 13, 0.00%, 0, 0, 5, 171.78, 425044, 317
2255, 0, 398, 400, 161, 13, 0.00%, 0, 0, 5, 170.01, 425935, 317
2260, 0, 398, 400, 161, 13, 0.00%, 0, 0, 5, 154.72, 426721, 317
2265, 0, 398, 400, 161, 13, 0.00%, 0, 0, 5, 162.36, 427555, 317
2270, 0, 398, 400, 161, 13, 0.00%, 0, 0, 5, 166.39, 428395, 317
2275, 0, 396, 400, 160, 12, 0.00%, 0, 0, 5, 201.71, 429403, 317
2280, 0, 396, 400, 160, 12, 0.00%, 0, 0, 5, 238.48, 430691, 317
2285, 0, 396, 400, 160, 12, 0.00%, 0, 0, 5, 243.50, 431911, 317
2291, 0, 396, 400, 160, 12, 0.00%, 0, 0, 5, 249.01, 433207, 317
2296, 0, 396, 400, 160, 12, 0.00%, 0, 0, 5, 253.21, 434492, 317
2301, 0, 396, 400, 160, 12, 0.00%, 0, 0, 5, 260.27, 435817, 317
2306, 0, 396, 400, 160, 12, 0.00%, 0, 0, 5, 253.13, 437077, 317
2311, 0, 397, 401, 160, 11, 0.00%, 0, 0, 5, 192.33, 437979, 317
2316, 0, 397, 401, 160, 11, 0.00%, 0, 0, 5, 177.33, 438843, 317
2321, 0, 397, 401, 160, 11, 0.00%, 0, 0, 5, 171.01, 439707, 317
2326, 0, 397, 401, 160, 11, 0.00%, 0, 0, 5, 174.54, 440616, 317
2331, 0, 397, 401, 160, 11, 0.00%, 0, 0, 5, 173.94, 441492, 317
2336, 0, 397, 401, 160, 11, 0.00%, 0, 0, 5, 176.39, 442410, 317
2342, 0, 397, 401, 160, 11, 0.00%, 0, 0, 5, 176.17, 443325, 317
2347, 0, 397, 401, 160, 11, 0.00%, 0, 0, 5, 178.26, 444228, 317
2352, 0, 397, 401, 160, 11, 0.00%, 0, 0, 5, 177.63, 445122, 317
2357, 0, 397, 401, 160, 11, 0.00%, 0, 0, 5, 177.34, 446034, 317
2362, 0, 397, 401, 160, 11, 0.00%, 0, 0, 5, 175.39, 446913, 317
2367, 0, 397, 401, 160, 11, 0.00%, 0, 0, 5, 174.97, 447801, 317
2372, 0, 397, 401, 160, 11, 0.00%, 0, 0, 5, 176.87, 448719, 317
2377, 0, 397, 401, 160, 11, 0.00%, 0, 0, 5, 175.68, 449607, 317
2382, 0, 397, 401, 160, 11, 0.00%, 0, 0, 5, 175.28, 450519, 317
2387, 0, 397, 401, 160, 11, 0.00%, 0, 0, 5, 176.97, 451437, 317
2393, 0, 397, 401, 160, 11, 0.00%, 0, 0, 5, 173.83, 452340, 317
2398, 0, 397, 401, 160, 11, 0.00%, 0, 0, 5, 173.08, 453243, 317
2403, 0, 397, 401, 160, 11, 0.00%, 0, 0, 5, 171.66, 454101, 317
2408, 0, 397, 401, 160, 11, 0.00%, 0, 0, 5, 174.65, 454983, 317
2413, 0, 397, 401, 160, 11, 0.00%, 0, 0, 5, 171.96, 455847, 317
2418, 0, 397, 401, 160, 11, 0.00%, 0, 0, 5, 173.66, 456723, 317
2423, 0, 397, 401, 160, 11, 0.00%, 0, 0, 5, 173.20, 457596, 317
2428, 0, 397, 401, 160, 11, 0.00%, 0, 0, 5, 169.89, 458445, 317
2433, 0, 397, 401, 160, 11, 0.00%, 0, 0, 5, 165.72, 459255, 317
2438, 0, 397, 401, 160, 11, 0.00%, 0, 0, 5, 169.81, 460113, 317
2443, 0, 397, 401, 160, 11, 0.00%, 0, 0, 5, 165.59, 460989, 317
2449, 0, 397, 401, 160, 11, 0.00%, 0, 0, 5, 171.86, 461865, 317
2454, 0, 397, 401, 160, 11, 0.00%, 0, 0, 5, 177.10, 462783, 317
2459, 0, 397, 401, 160, 11, 0.00%, 0, 0, 5, 177.21, 463704, 317
2464, 0, 397, 401, 160, 11, 0.00%, 0, 0, 5, 176.85, 464586, 317
2469, 0, 397, 401, 160, 11, 0.00%, 0, 0, 5, 174.77, 465465, 317
2474, 0, 397, 401, 160, 11, 0.00%, 0, 0, 5, 176.03, 466350, 317
2479, 0, 397, 401, 160, 11, 0.00%, 0, 0, 5, 177.05, 467259, 317
2484, 0, 397, 401, 160, 11, 0.00%, 0, 0, 5, 173.95, 468132, 317
2489, 0, 397, 401, 160, 11, 0.00%, 0, 0, 5, 171.27, 468990, 317
2494, 0, 397, 401, 160, 11, 0.00%, 0, 0, 5, 162.75, 469803, 317
2499, 0, 399, 402, 160, 10, 0.00%, 0, 0, 6, 162.85, 470605, 317
2504, 0, 399, 403, 161, 10, 0.00%, 0, 0, 6, 166.25, 471429, 321
2510, 0, 399, 403, 161, 10, 0.00%, 0, 0, 6, 172.48, 472326, 321
2515, 0, 399, 403, 161, 10, 0.00%, 0, 0, 6, 174.91, 473235, 321
2520, 0, 399, 403, 161, 10, 0.00%, 0, 0, 6, 168.41, 474090, 321
2525, 0, 399, 403, 161, 10, 0.00%, 0, 0, 6, 163.95, 474879, 321
2530, 0, 399, 403, 161, 10, 0.00%, 0, 0, 6, 171.02, 475779, 321
2535, 0, 399, 403, 161, 10, 0.00%, 0, 0, 6, 169.21, 476637, 321
2540, 0, 399, 403, 161, 10, 0.00%, 0, 0, 6, 170.65, 477528, 321
2545, 0, 399, 403, 161, 10, 0.00%, 0, 0, 6, 164.62, 478341, 321
2551, 0, 399, 403, 161, 10, 0.00%, 0, 0, 6, 170.31, 479235, 321
2556, 0, 399, 403, 161, 10, 0.00%, 0, 0, 6, 172.01, 480123, 321
2561, 0, 399, 403, 161, 10, 0.00%, 0, 0, 6, 173.62, 481026, 321
2566, 0, 399, 403, 161, 10, 0.00%, 0, 0, 6, 172.54, 481893, 321
2571, 0, 399, 403, 161, 10, 0.00%, 0, 0, 6, 174.61, 482802, 321
2576, 0, 399, 403, 161, 10, 0.00%, 0, 0, 6, 172.50, 483684, 321
2582, 0, 399, 403, 161, 10, 0.00%, 0, 0, 6, 175.56, 484596, 321
2587, 0, 399, 403, 161, 10, 0.00%, 0, 0, 6, 171.02, 485472, 321
2592, 0, 399, 403, 161, 10, 0.00%, 0, 0, 6, 161.95, 486249, 321
2597, 0, 399, 403, 161, 10, 0.00%, 0, 0, 6, 165.69, 487077, 321
2602, 0, 399, 403, 161, 10, 0.00%, 0, 0, 6, 159.89, 487890, 321
2607, 0, 399, 403, 161, 10, 0.00%, 0, 0, 6, 150.03, 488628, 321
2612, 0, 399, 403, 161, 10, 0.00%, 0, 0, 6, 163.31, 489474, 321
2617, 0, 399, 403, 161, 10, 0.00%, 0, 0, 6, 168.96, 490356, 321
2622, 0, 399, 404, 162, 10, 0.00%, 0, 0, 6, 164.00, 491183, 325
2627, 0, 399, 404, 162, 10, 0.00%, 0, 0, 6, 165.82, 492020, 325
2632, 0, 399, 404, 162, 10, 0.00%, 0, 0, 6, 165.59, 492857, 325
2637, 0, 399, 404, 162, 10, 0.00%, 0, 0, 6, 170.46, 493745, 325
2643, 0, 399, 404, 162, 10, 0.00%, 0, 0, 6, 170.85, 494639, 325
2648, 0, 399, 404, 162, 10, 0.00%, 0, 0, 6, 174.67, 495539, 325
2653, 0, 399, 404, 162, 10, 0.00%, 0, 0, 6, 177.89, 496472, 325
2658, 0, 399, 404, 162, 10, 0.00%, 0, 0, 6, 169.64, 497318, 325
2663, 0, 399, 404, 162, 10, 0.00%, 0, 0, 6, 173.20, 498218, 325
2668, 0, 399, 404, 162, 10, 0.00%, 0, 0, 6, 173.18, 499079, 325
2673, 0, 399, 404, 162, 10, 0.00%, 0, 0, 6, 173.82, 499970, 325
2679, 0, 399, 404, 162, 10, 0.00%, 0, 0, 6, 163.13, 500801, 325
2684, 0, 399, 404, 162, 10, 0.00%, 0, 0, 6, 160.50, 501596, 325
2689, 0, 399, 404, 162, 10, 0.00%, 0, 0, 6, 170.05, 502487, 325
2694, 0, 388, 404, 161, 9, 0.00%, 0, 0, 6, 181.15, 503424, 325
2699, 0, 388, 404, 161, 9, 0.00%, 0, 0, 6, 181.54, 504363, 325
2704, 0, 388, 404, 161, 9, 0.00%, 0, 0, 6, 178.03, 505260, 325
2710, 0, 388, 404, 161, 9, 0.00%, 0, 0, 6, 182.67, 506187, 325
2715, 0, 388, 404, 161, 9, 0.00%, 0, 0, 6, 182.27, 507129, 325
2720, 0, 388, 404, 161, 9, 0.00%, 0, 0, 6, 179.66, 508035, 325
2725, 0, 388, 404, 161, 9, 0.00%, 0, 0, 6, 179.25, 508929, 325
2730, 0, 388, 404, 161, 9, 0.00%, 0, 0, 6, 173.28, 509826, 325
2735, 0, 388, 404, 161, 9, 0.00%, 0, 0, 6, 177.19, 510702, 325
2740, 0, 388, 404, 161, 9, 0.00%, 0, 0, 6, 186.49, 511677, 325
2745, 0, 388, 404, 161, 9, 0.00%, 0, 0, 6, 185.47, 512625, 325
2750, 0, 388, 404, 161, 9, 0.00%, 0, 0, 6, 185.88, 513588, 325
2755, 0, 388, 404, 161, 9, 0.00%, 0, 0, 6, 184.28, 514494, 325
2761, 0, 388, 404, 161, 9, 0.00%, 0, 0, 6, 168.59, 515289, 325
2766, 0, 388, 404, 161, 9, 0.00%, 0, 0, 6, 178.42, 516150, 325
2771, 0, 388, 404, 161, 9, 0.00%, 0, 0, 6, 176.89, 517050, 325
2776, 0, 388, 404, 161, 9, 0.00%, 0, 0, 6, 175.42, 517941, 325
2781, 0, 388, 404, 161, 9, 0.00%, 0, 0, 6, 179.61, 518829, 325
2786, 0, 388, 404, 161, 9, 0.00%, 0, 0, 6, 186.51, 519774, 325
2791, 0, 388, 404, 161, 9, 0.00%, 0, 0, 6, 168.53, 520638, 325
2796, 0, 388, 404, 161, 9, 0.00%, 0, 0, 6, 169.28, 521442, 325
2801, 0, 388, 404, 161, 9, 0.00%, 0, 0, 6, 166.56, 522240, 325
2806, 0, 388, 404, 161, 9, 0.00%, 0, 0, 6, 179.20, 523137, 325
2811, 0, 388, 404, 161, 9, 0.00%, 0, 0, 6, 182.83, 524046, 325
2816, 0, 388, 404, 161, 9, 0.00%, 0, 0, 6, 183.28, 524997, 325
2822, 0, 388, 404, 161, 9, 0.00%, 0, 0, 6, 185.66, 525966, 325
2827, 0, 388, 404, 161, 9, 0.00%, 0, 0, 6, 185.32, 526926, 325
2832, 0, 388, 404, 161, 9, 0.00%, 0, 0, 6, 184.20, 527874, 325
2837, 0, 388, 404, 161, 9, 0.00%, 0, 0, 6, 180.48, 528771, 325
2842, 0, 388, 404, 161, 9, 0.00%, 0, 0, 6, 182.92, 529698, 325
2847, 0, 388, 404, 161, 9, 0.00%, 0, 0, 6, 182.64, 530607, 325
2852, 0, 388, 404, 161, 9, 0.00%, 0, 0, 6, 169.96, 531477, 325
2857, 0, 388, 404, 161, 9, 0.00%, 0, 0, 6, 177.30, 532386, 325
2862, 0, 388, 404, 161, 9, 0.00%, 0, 0, 6, 177.81, 533316, 325
2868, 0, 388, 404, 161, 9, 0.00%, 0, 0, 6, 181.36, 534261, 325
2873, 0, 388, 404, 161, 9, 0.00%, 0, 0, 6, 182.68, 535188, 325
2878, 0, 379, 404, 160, 8, 0.00%, 0, 0, 6, 186.12, 536115, 325
2883, 0, 379, 404, 160, 8, 0.00%, 0, 0, 6, 186.33, 537084, 325
2888, 0, 379, 404, 160, 8, 0.00%, 0, 0, 6, 188.14, 538059, 325
2893, 0, 379, 404, 160, 8, 0.00%, 0, 0, 6, 185.77, 539019, 325
2898, 0, 379, 404, 160, 8, 0.00%, 0, 0, 6, 189.37, 539997, 325
2904, 0, 379, 404, 160, 8, 0.00%, 0, 0, 6, 185.28, 540966, 325
2909, 0, 379, 404, 160, 8, 0.00%, 0, 0, 6, 171.27, 541776, 325
2914, 0, 379, 404, 160, 8, 0.00%, 0, 0, 6, 179.45, 542664, 325
2919, 0, 379, 404, 160, 8, 0.00%, 0, 0, 6, 180.76, 543582, 325
2924, 0, 379, 404, 160, 8, 0.00%, 0, 0, 6, 186.63, 544545, 325
2929, 0, 379, 404, 160, 8, 0.00%, 0, 0, 6, 190.02, 545502, 325
2934, 0, 379, 404, 160, 8, 0.00%, 0, 0, 6, 182.56, 546417, 325
2939, 0, 379, 404, 160, 8, 0.00%, 0, 0, 6, 187.33, 547389, 325
2944, 0, 379, 404, 160, 8, 0.00%, 0, 0, 6, 187.52, 548316, 325
2949, 0, 379, 404, 160, 8, 0.00%, 0, 0, 6, 183.13, 549261, 325
2955, 0, 379, 404, 160, 8, 0.00%, 0, 0, 6, 180.66, 550191, 325
2960, 0, 379, 404, 160, 8, 0.00%, 0, 0, 6, 188.04, 551148, 325
2965, 0, 379, 404, 160, 8, 0.00%, 0, 0, 6, 190.33, 552132, 325
2970, 0, 379, 404, 160, 8, 0.00%, 0, 0, 6, 184.71, 553089, 325
2975, 0, 379, 404, 160, 8, 0.00%, 0, 0, 6, 185.70, 554046, 325
2980, 0, 379, 404, 160, 8, 0.00%, 0, 0, 6, 185.60, 554970, 325
2985, 0, 379, 404, 160, 8, 0.00%, 0, 0, 6, 187.48, 555939, 325
2990, 0, 379, 404, 160, 8, 0.00%, 0, 0, 6, 185.19, 556854, 325
2996, 0, 379, 404, 160, 8, 0.00%, 0, 0, 6, 187.71, 557823, 325
3001, 0, 379, 404, 160, 8, 0.00%, 0, 0, 6, 184.36, 558783, 325
3006, 0, 379, 404, 160, 8, 0.00%, 0, 0, 6, 181.78, 559689, 325
3011, 0, 379, 404, 160, 8, 0.00%, 0, 0, 6, 188.31, 560658, 325
3016, 0, 379, 404, 160, 8, 0.00%, 0, 0, 6, 187.28, 561570, 325
3021, 0, 379, 404, 160, 8, 0.00%, 0, 0, 6, 174.91, 562446, 325
3026, 0, 379, 404, 160, 8, 0.00%, 0, 0, 6, 179.32, 563349, 325
3031, 0, 379, 404, 160, 8, 0.00%, 0, 0, 6, 180.35, 564285, 325
3036, 0, 379, 404, 160, 8, 0.00%, 0, 0, 6, 182.33, 565209, 325
3042, 0, 379, 404, 160, 8, 0.00%, 0, 0, 6, 184.57, 566163, 325
3047, 0, 379, 404, 160, 8, 0.00%, 0, 0, 6, 185.78, 567129, 325
3052, 0, 379, 404, 160, 8, 0.00%, 0, 0, 6, 185.62, 568092, 325
3057, 0, 409, 418, 173, 11, 0.00%, 0, 0, 6, 226.06, 569212, 333
3062, 0, 409, 418, 173, 11, 0.00%, 0, 0, 6, 257.10, 570545, 333
3067, 0, 409, 418, 173, 11, 0.00%, 0, 0, 6, 267.09, 571940, 333
3072, 0, 409, 418, 173, 11, 0.00%, 0, 0, 6, 270.25, 573330, 333
3077, 0, 409, 418, 173, 11, 0.00%, 0, 0, 6, 280.49, 574785, 333
3082, 0, 409, 418, 173, 11, 0.00%, 0, 0, 6, 291.04, 576260, 333
3088, 0, 410, 418, 172, 10, 0.00%, 0, 0, 6, 272.56, 577647, 333
3093, 0, 410, 418, 172, 10, 0.00%, 0, 0, 6, 270.08, 579022, 333
3098, 0, 410, 418, 172, 10, 0.00%, 0, 0, 6, 268.53, 580402, 333
3103, 0, 410, 418, 172, 10, 0.00%, 0, 0, 6, 268.65, 581792, 333
3108, 0, 410, 418, 172, 10, 0.00%, 0, 0, 6, 268.94, 583177, 333
3113, 0, 410, 418, 172, 10, 0.00%, 0, 0, 6, 267.39, 584557, 333
3118, 0, 385, 418, 171, 9, 0.00%, 0, 0, 6, 210.94, 585607, 333
3123, 0, 385, 418, 171, 9, 0.00%, 0, 0, 6, 194.59, 586563, 333
3129, 0, 385, 418, 171, 9, 0.00%, 0, 0, 6, 192.79, 587457, 333
3134, 0, 385, 418, 171, 9, 0.00%, 0, 0, 6, 188.73, 588414, 333
3139, 0, 385, 418, 171, 9, 0.00%, 0, 0, 6, 188.94, 589386, 333
3144, 0, 385, 418, 171, 9, 0.00%, 0, 0, 6, 186.21, 590352, 333
3149, 0, 385, 418, 171, 9, 0.00%, 0, 0, 6, 176.51, 591255, 333
3154, 0, 385, 418, 171, 9, 0.00%, 0, 0, 6, 166.77, 592041, 333
3159, 0, 385, 418, 171, 9, 0.00%, 0, 0, 6, 180.24, 592959, 333
3165, 0, 385, 418, 171, 9, 0.00%, 0, 0, 6, 189.56, 593895, 333
3170, 0, 385, 418, 171, 9, 0.00%, 0, 0, 6, 184.78, 594789, 333
3175, 0, 385, 418, 171, 9, 0.00%, 0, 0, 6, 178.81, 595650, 333
3180, 0, 385, 418, 171, 9, 0.00%, 0, 0, 6, 186.30, 596637, 333
3185, 0, 385, 418, 171, 9, 0.00%, 0, 0, 6, 186.68, 597582, 333
3190, 0, 385, 418, 171, 9, 0.00%, 0, 0, 6, 188.27, 598563, 333
3195, 0, 385, 418, 171, 9, 0.00%, 0, 0, 6, 189.85, 599547, 333
3201, 0, 385, 418, 171, 9, 0.00%, 0, 0, 6, 191.03, 600531, 333
3206, 0, 385, 418, 171, 9, 0.00%, 0, 0, 6, 190.78, 601518, 333
3211, 0, 385, 418, 171, 9, 0.00%, 0, 0, 6, 185.18, 602445, 333
3216, 0, 385, 418, 171, 9, 0.00%, 0, 0, 6, 178.47, 603342, 333
3221, 0, 385, 418, 171, 9, 0.00%, 0, 0, 6, 163.10, 604158, 333
3226, 0, 385, 418, 171, 9, 0.00%, 0, 0, 6, 177.87, 605067, 333
3231, 0, 385, 418, 171, 9, 0.00%, 0, 0, 6, 187.63, 606051, 333
3237, 0, 385, 418, 171, 9, 0.00%, 0, 0, 6, 185.89, 607017, 333
3242, 0, 385, 418, 171, 9, 0.00%, 0, 0, 6, 182.55, 607965, 333
3247, 0, 385, 418, 171, 9, 0.00%, 0, 0, 6, 178.88, 608841, 333
3252, 0, 385, 418, 171, 9, 0.00%, 0, 0, 6, 183.54, 609813, 333
3257, 0, 385, 418, 171, 9, 0.00%, 0, 0, 6, 173.15, 610686, 333
3262, 0, 385, 418, 171, 9, 0.00%, 0, 0, 6, 163.35, 611502, 333
3267, 0, 385, 418, 171, 9, 0.00%, 0, 0, 6, 182.32, 612315, 333
3272, 0, 385, 418, 171, 9, 0.00%, 0, 0, 6, 173.68, 613158, 333
3278, 0, 385, 418, 171, 9, 0.00%, 0, 0, 6, 173.69, 614052, 333
3283, 0, 385, 418, 171, 9, 0.00%, 0, 0, 6, 182.48, 614982, 333
3288, 0, 385, 418, 171, 9, 0.00%, 0, 0, 6, 187.63, 615933, 333
3293, 0, 385, 418, 171, 9, 0.00%, 0, 0, 6, 188.72, 616914, 333
3298, 0, 405, 418, 170, 8, 0.00%, 0, 0, 6, 183.07, 617873, 333
3303, 0, 405, 418, 170, 8, 0.00%, 0, 0, 6, 173.82, 618761, 333
3308, 0, 405, 418, 170, 8, 0.00%, 0, 0, 6, 173.55, 619661, 333
3314, 0, 405, 418, 170, 8, 0.00%, 0, 0, 6, 171.80, 620555, 333
3319, 0, 405, 418, 170, 8, 0.00%, 0, 0, 6, 174.50, 621464, 333
3324, 0, 405, 418, 170, 8, 0.00%, 0, 0, 6, 171.82, 622328, 333
3329, 0, 405, 418, 170, 8, 0.00%, 0, 0, 6, 163.65, 623132, 333
3334, 0, 405, 418, 170, 8, 0.00%, 0, 0, 6, 171.55, 624017, 333
3339, 0, 405, 418, 170, 8, 0.00%, 0, 0, 6, 175.47, 624902, 333
3344, 0, 405, 418, 170, 8, 0.00%, 0, 0, 6, 179.08, 625805, 333
3349, 0, 405, 418, 170, 8, 0.00%, 0, 0, 6, 177.42, 626693, 333
3354, 0, 405, 418, 170, 8, 0.00%, 0, 0, 6, 177.30, 627581, 333
3359, 0, 405, 418, 170, 8, 0.00%, 0, 0, 6, 172.21, 628484, 333
3364, 0, 405, 418, 170, 8, 0.00%, 0, 0, 6, 178.07, 629390, 333
3369, 0, 405, 418, 170, 8, 0.00%, 0, 0, 6, 174.49, 630251, 333
3374, 0, 405, 418, 170, 8, 0.00%, 0, 0, 6, 172.75, 631151, 333
3379, 0, 405, 418, 170, 8, 0.00%, 0, 0, 6, 172.28, 632048, 333
3385, 0, 405, 418, 170, 8, 0.00%, 0, 0, 6, 175.41, 632954, 333
3390, 0, 405, 418, 170, 8, 0.00%, 0, 0, 6, 175.20, 633827, 333
3395, 0, 405, 418, 170, 8, 0.00%, 0, 0, 6, 174.47, 634730, 333
3400, 0, 405, 418, 170, 8, 0.00%, 0, 0, 6, 175.36, 635612, 333
3405, 0, 405, 418, 170, 8, 0.00%, 0, 0, 6, 177.66, 636500, 333
3410, 0, 405, 418, 170, 8, 0.00%, 0, 0, 6, 167.06, 637358, 333
3415, 0, 405, 418, 170, 8, 0.00%, 0, 0, 6, 173.65, 638264, 333
3420, 0, 405, 418, 170, 8, 0.00%, 0, 0, 6, 158.97, 638906, 333
3426, 0, 405, 418, 170, 8, 0.00%, 0, 0, 6, 170.79, 639809, 333
3431, 0, 405, 418, 170, 8, 0.00%, 0, 0, 6, 175.44, 640721, 333
3436, 0, 405, 418, 170, 8, 0.00%, 0, 0, 6, 173.12, 641627, 333
3441, 0, 405, 418, 170, 8, 0.00%, 0, 0, 6, 174.54, 642539, 333
3446, 0, 405, 418, 170, 8, 0.00%, 0, 0, 6, 173.52, 643442, 333
3452, 0, 405, 418, 170, 8, 0.00%, 0, 0, 6, 173.79, 644348, 333
3457, 0, 405, 418, 170, 8, 0.00%, 0, 0, 6, 163.88, 645161, 333
3462, 0, 405, 418, 170, 8, 0.00%, 0, 0, 6, 166.56, 646031, 333
3467, 0, 405, 418, 170, 8, 0.00%, 0, 0, 6, 169.17, 646910, 333
3472, 0, 405, 418, 170, 8, 0.00%, 0, 0, 6, 169.43, 647762, 333
3477, 0, 405, 418, 170, 8, 0.00%, 0, 0, 6, 170.85, 648659, 333
3482, 0, 405, 418, 170, 8, 0.00%, 0, 0, 6, 171.48, 649550, 333
3488, 0, 405, 418, 170, 8, 0.00%, 0, 0, 6, 169.83, 650435, 333
3493, 0, 377, 418, 169, 7, 0.00%, 0, 0, 6, 176.03, 651322, 333
3498, 0, 377, 418, 169, 7, 0.00%, 0, 0, 6, 179.03, 652210, 333
3503, 0, 377, 418, 169, 7, 0.00%, 0, 0, 6, 183.88, 653158, 333
3508, 0, 377, 418, 169, 7, 0.00%, 0, 0, 6, 180.17, 654088, 333
3513, 0, 377, 418, 169, 7, 0.00%, 0, 0, 6, 185.19, 655048, 333
3518, 0, 377, 418, 169, 7, 0.00%, 0, 0, 6, 172.80, 655921, 333
3523, 0, 377, 418, 169, 7, 0.00%, 0, 0, 6, 184.92, 656890, 333
3528, 0, 377, 418, 169, 7, 0.00%, 0, 0, 6, 183.94, 657839, 333
3534, 0, 377, 418, 169, 7, 0.00%, 0, 0, 6, 183.73, 658805, 333
3539, 0, 377, 418, 169, 7, 0.00%, 0, 0, 6, 184.17, 659726, 333
3544, 0, 377, 418, 169, 7, 0.00%, 0, 0, 6, 184.66, 660683, 333
3549, 0, 377, 418, 169, 7, 0.00%, 0, 0, 6, 170.14, 661532, 333
3554, 0, 377, 418, 169, 7, 0.00%, 0, 0, 6, 184.45, 662426, 333
3559, 0, 377, 418, 169, 7, 0.00%, 0, 0, 6, 186.28, 663404, 333
3564, 0, 377, 418, 169, 7, 0.00%, 0, 0, 6, 185.89, 664367, 333
3569, 0, 377, 418, 169, 7, 0.00%, 0, 0, 6, 184.55, 665285, 333
3574, 0, 377, 418, 169, 7, 0.00%, 0, 0, 6, 162.77, 666035, 333
3580, 0, 377, 418, 169, 7, 0.00%, 0, 0, 6, 172.21, 666896, 333
3585, 0, 377, 418, 169, 7, 0.00%, 0, 0, 6, 181.17, 667835, 333
3590, 0, 377, 418, 169, 7, 0.00%, 0, 0, 6, 183.73, 668759, 333
3595, 0, 377, 418, 169, 7, 0.00%, 0, 0, 6, 165.25, 669587, 333
3600, 0, 377, 418, 169, 7, 0.00%, 0, 0, 6, 163.79, 670394, 333
3605, 0, 377, 418, 169, 7, 0.00%, 0, 0, 6, 167.30, 671264, 333
3610, 0, 377, 418, 169, 7, 0.00%, 0, 0, 6, 181.71, 672221, 333
3615, 0, 377, 418, 169, 7, 0.00%, 0, 0, 6, 187.73, 673196, 333
3621, 0, 377, 418, 169, 7, 0.00%, 0, 0, 6, 178.97, 674135, 333
3626, 0, 377, 418, 169, 7, 0.00%, 0, 0, 6, 177.14, 675053, 333
3631, 0, 377, 418, 169, 7, 0.00%, 0, 0, 6, 165.94, 675824, 333
3636, 0, 377, 418, 169, 7, 0.00%, 0, 0, 6, 188.38, 676745, 333
3641, 0, 377, 418, 169, 7, 0.00%, 0, 0, 6, 185.85, 677705, 333
3646, 0, 377, 418, 169, 7, 0.00%, 0, 0, 6, 184.89, 678656, 333
3652, 0, 377, 418, 169, 7, 0.00%, 0, 0, 6, 180.44, 679592, 333
3657, 0, 377, 418, 169, 7, 0.00%, 0, 0, 6, 177.47, 680483, 333
3662, 0, 377, 418, 169, 7, 0.00%, 0, 0, 6, 183.23, 681440, 333
3667, 0, 377, 418, 169, 7, 0.00%, 0, 0, 6, 186.00, 682412, 333
3672, 0, 417, 418, 169, 7, 0.00%, 0, 0, 6, 187.43, 683381, 333
3677, 0, 417, 418, 169, 7, 0.00%, 0, 0, 6, 183.57, 684287, 333
3682, 0, 417, 418, 169, 7, 0.00%, 0, 0, 6, 191.58, 685295, 333
3687, 0, 417, 418, 169, 7, 0.00%, 0, 0, 6, 192.63, 686267, 333
3693, 0, 417, 418, 169, 7, 0.00%, 0, 0, 6, 188.92, 687245, 333
3698, 0, 417, 418, 169, 7, 0.00%, 0, 0, 6, 187.83, 688223, 333
3703, 0, 417, 418, 169, 7, 0.00%, 0, 0, 6, 189.00, 689195, 333
3708, 0, 417, 418, 169, 7, 0.00%, 0, 0, 6, 193.39, 690200, 333
3713, 0, 417, 418, 169, 7, 0.00%, 0, 0, 6, 190.28, 691157, 333
3718, 0, 417, 418, 169, 7, 0.00%, 0, 0, 6, 190.13, 692147, 333
3724, 0, 417, 418, 169, 7, 0.00%, 0, 0, 6, 192.93, 693149, 333
3729, 0, 417, 418, 169, 7, 0.00%, 0, 0, 6, 189.07, 694124, 333
3734, 0, 417, 418, 169, 7, 0.00%, 0, 0, 6, 190.34, 695105, 333
3739, 0, 417, 418, 169, 7, 0.00%, 0, 0, 6, 183.13, 696044, 333
3744, 0, 417, 418, 169, 7, 0.00%, 0, 0, 6, 189.63, 697031, 333
3750, 0, 417, 418, 169, 7, 0.00%, 0, 0, 6, 188.93, 698006, 333
3755, 0, 417, 418, 169, 7, 0.00%, 0, 0, 6, 185.71, 698963, 333
3760, 0, 417, 418, 169, 7, 0.00%, 0, 0, 6, 184.95, 699914, 333
3765, 0, 417, 418, 169, 7, 0.00%, 0, 0, 6, 188.50, 700859, 333
3770, 0, 417, 418, 169, 7, 0.00%, 0, 0, 6, 159.39, 701579, 333
3775, 0, 417, 418, 169, 7, 0.00%, 0, 0, 6, 172.40, 702455, 333
3780, 0, 417, 418, 169, 7, 0.00%, 0, 0, 6, 183.45, 703424, 333
3785, 0, 417, 418, 169, 7, 0.00%, 0, 0, 6, 180.07, 704312, 333
3790, 0, 417, 418, 169, 7, 0.00%, 0, 0, 6, 179.89, 705242, 333
3796, 0, 417, 418, 169, 7, 0.00%, 0, 0, 6, 188.34, 706193, 333
3801, 0, 417, 418, 169, 7, 0.00%, 0, 0, 6, 188.76, 707144, 333
3806, 0, 417, 418, 169, 7, 0.00%, 0, 0, 6, 186.61, 708116, 333
3811, 0, 417, 418, 169, 7, 0.00%, 0, 0, 6, 188.20, 709058, 333
3816, 0, 417, 418, 169, 7, 0.00%, 0, 0, 6, 189.84, 710009, 333
3821, 0, 417, 418, 169, 7, 0.00%, 0, 0, 6, 181.19, 710918, 333
3826, 0, 417, 418, 169, 7, 0.00%, 0, 0, 6, 186.48, 711857, 333
3831, 0, 417, 418, 169, 7, 0.00%, 0, 0, 6, 185.05, 712775, 333
3836, 0, 417, 418, 169, 7, 0.00%, 0, 0, 6, 183.00, 713693, 333
3841, 0, 417, 418, 169, 7, 0.00%, 0, 0, 6, 174.44, 714614, 333
3846, 0, 417, 418, 169, 7, 0.00%, 0, 0, 6, 166.42, 715490, 333
3852, 0, 174, 418, 168, 6, 0.00%, 0, 0, 6, 175.86, 716407, 333
3857, 0, 174, 418, 168, 6, 0.00%, 0, 0, 6, 199.44, 717494, 333
3862, 0, 174, 418, 168, 6, 0.00%, 0, 0, 6, 207.25, 718574, 333
3867, 0, 174, 418, 168, 6, 0.00%, 0, 0, 6, 201.28, 719598, 333
3872, 0, 174, 418, 168, 6, 0.00%, 0, 0, 6, 203.66, 720630, 333
3877, 0, 174, 418, 168, 6, 0.00%, 0, 0, 6, 198.24, 721650, 333
3882, 0, 174, 418, 168, 6, 0.00%, 0, 0, 6, 200.92, 722666, 333
3887, 0, 174, 418, 168, 6, 0.00%, 0, 0, 6, 193.63, 723589, 333
3893, 0, 174, 418, 168, 6, 0.00%, 0, 0, 6, 204.96, 724670, 333
3898, 0, 174, 418, 168, 6, 0.00%, 0, 0, 6, 191.30, 725638, 333
3903, 0, 174, 418, 168, 6, 0.00%, 0, 0, 6, 199.65, 726676, 333
3908, 0, 174, 418, 168, 6, 0.00%, 0, 0, 6, 208.16, 727746, 333
3913, 0, 174, 418, 168, 6, 0.00%, 0, 0, 6, 212.45, 728826, 333
3918, 0, 174, 418, 168, 6, 0.00%, 0, 0, 6, 213.77, 729914, 333
3923, 0, 174, 418, 168, 6, 0.00%, 0, 0, 6, 213.16, 731030, 333
3929, 0, 174, 418, 168, 6, 0.00%, 0, 0, 6, 187.17, 731962, 333
3934, 0, 174, 418, 168, 6, 0.00%, 0, 0, 6, 150.16, 732856, 333
3939, 0, 174, 418, 168, 6, 0.00%, 0, 0, 6, 205.38, 733846, 333
3944, 0, 174, 418, 168, 6, 0.00%, 0, 0, 6, 198.24, 734882, 333
3949, 0, 174, 418, 168, 6, 0.00%, 0, 0, 6, 211.25, 735986, 333
3954, 0, 174, 418, 168, 6, 0.00%, 0, 0, 6, 212.56, 737086, 333
3960, 0, 174, 418, 168, 6, 0.00%, 0, 0, 6, 213.58, 738194, 333
3965, 0, 174, 418, 168, 6, 0.00%, 0, 0, 6, 212.60, 739294, 333
3970, 0, 174, 418, 168, 6, 0.00%, 0, 0, 6, 205.59, 740338, 333
3975, 0, 174, 418, 168, 6, 0.00%, 0, 0, 6, 208.87, 741430, 333
3980, 0, 174, 418, 168, 6, 0.00%, 0, 0, 6, 204.43, 742450, 333
3985, 0, 174, 418, 168, 6, 0.00%, 0, 0, 6, 206.16, 743482, 333
3990, 0, 174, 418, 168, 6, 0.00%, 0, 0, 6, 207.73, 744530, 333
3995, 0, 174, 418, 168, 6, 0.00%, 0, 0, 6, 195.44, 745519, 333
4000, 0, 174, 418, 168, 6, 0.00%, 0, 0, 6, 180.66, 746410, 333
4005, 0, 174, 418, 168, 6, 0.00%, 0, 0, 6, 197.97, 747454, 333
4010, 0, 174, 418, 168, 6, 0.00%, 0, 0, 6, 206.93, 748506, 333
4016, 0, 384, 418, 167, 6, 0.00%, 0, 0, 6, 198.17, 749536, 333
4021, 0, 384, 418, 167, 6, 0.00%, 0, 0, 6, 194.19, 750496, 333
4026, 0, 384, 418, 167, 6, 0.00%, 0, 0, 6, 190.12, 751474, 333
4031, 0, 384, 418, 167, 6, 0.00%, 0, 0, 6, 193.27, 752473, 333
4036, 0, 384, 418, 167, 6, 0.00%, 0, 0, 6, 193.80, 753475, 333
4041, 0, 384, 418, 167, 6, 0.00%, 0, 0, 6, 190.45, 754459, 333
4047, 0, 384, 418, 167, 6, 0.00%, 0, 0, 6, 190.77, 755455, 333
4052, 0, 384, 418, 167, 6, 0.00%, 0, 0, 6, 190.22, 756433, 333
4057, 0, 384, 418, 167, 6, 0.00%, 0, 0, 6, 191.33, 757429, 333
4062, 0, 384, 418, 167, 6, 0.00%, 0, 0, 6, 189.17, 758413, 333
4067, 0, 384, 418, 167, 6, 0.00%, 0, 0, 6, 189.76, 759358, 333
4072, 0, 384, 418, 167, 6, 0.00%, 0, 0, 6, 181.14, 760303, 333
4078, 0, 384, 418, 167, 6, 0.00%, 0, 0, 6, 164.26, 761134, 333
4083, 0, 384, 418, 167, 6, 0.00%, 0, 0, 6, 161.71, 761956, 333
4088, 0, 384, 418, 167, 6, 0.00%, 0, 0, 6, 172.17, 762832, 333
4093, 0, 384, 418, 167, 6, 0.00%, 0, 0, 6, 185.28, 763807, 333
4098, 0, 384, 418, 167, 6, 0.00%, 0, 0, 6, 192.84, 764812, 333
4103, 0, 384, 418, 167, 6, 0.00%, 0, 0, 6, 190.82, 765796, 333
4108, 0, 384, 418, 167, 6, 0.00%, 0, 0, 6, 187.73, 766774, 333
4113, 0, 384, 418, 167, 6, 0.00%, 0, 0, 6, 192.83, 767743, 333
4119, 0, 384, 418, 167, 6, 0.00%, 0, 0, 6, 189.77, 768739, 333
4124, 0, 384, 418, 167, 6, 0.00%, 0, 0, 6, 182.10, 769672, 333
4129, 0, 384, 418, 167, 6, 0.00%, 0, 0, 6, 174.16, 770503, 333
4134, 0, 384, 418, 167, 6, 0.00%, 0, 0, 6, 178.14, 771385, 333
4139, 0, 384, 418, 167, 6, 0.00%, 0, 0, 6, 186.43, 772345, 333
4144, 0, 384, 418, 167, 6, 0.00%, 0, 0, 6, 192.41, 773353, 333
4149, 0, 384, 418, 167, 6, 0.00%, 0, 0, 6, 197.26, 774376, 333
4155, 0, 384, 418, 167, 6, 0.00%, 0, 0, 6, 185.06, 775300, 333
4160, 0, 384, 418, 167, 6, 0.00%, 0, 0, 6, 188.72, 776281, 333
4165, 0, 384, 418, 167, 6, 0.00%, 0, 0, 6, 194.25, 777289, 333
4170, 0, 384, 418, 167, 6, 0.00%, 0, 0, 6, 180.50, 778198, 333
4175, 0, 384, 418, 167, 6, 0.00%, 0, 0, 6, 153.72, 778774, 333
4180, 0, 384, 418, 167, 6, 0.00%, 0, 0, 6, 158.86, 779410, 333
4186, 0, 384, 418, 167, 6, 0.00%, 0, 0, 6, 181.09, 780094, 333
4191, 0, 384, 418, 167, 6, 0.00%, 0, 0, 6, 162.60, 780718, 333
4196, 0, 189, 418, 166, 5, 0.00%, 0, 0, 6, 185.40, 781689, 333
4201, 0, 189, 418, 166, 5, 0.00%, 0, 0, 6, 208.35, 782754, 333
4206, 0, 189, 418, 166, 5, 0.00%, 0, 0, 6, 217.62, 783890, 333
4211, 0, 189, 418, 166, 5, 0.00%, 0, 0, 6, 217.35, 784978, 333
4216, 0, 189, 418, 166, 5, 0.00%, 0, 0, 6, 217.86, 786106, 333
4222, 0, 189, 418, 166, 5, 0.00%, 0, 0, 6, 218.35, 787246, 333
4227, 0, 189, 418, 166, 5, 0.00%, 0, 0, 6, 216.15, 788338, 333
4232, 0, 189, 418, 166, 5, 0.00%, 0, 0, 6, 211.71, 789434, 333
4237, 0, 189, 418, 166, 5, 0.00%, 0, 0, 6, 211.49, 790498, 333
4242, 0, 189, 418, 166, 5, 0.00%, 0, 0, 6, 212.36, 791570, 333
4247, 0, 189, 418, 166, 5, 0.00%, 0, 0, 6, 215.71, 792654, 333
4252, 0, 189, 418, 166, 5, 0.00%, 0, 0, 6, 215.68, 793738, 333
4257, 0, 189, 418, 166, 5, 0.00%, 0, 0, 6, 213.93, 794818, 333
4262, 0, 189, 418, 166, 5, 0.00%, 0, 0, 6, 214.85, 795886, 333
4267, 0, 189, 418, 166, 5, 0.00%, 0, 0, 6, 208.89, 796962, 333
4272, 0, 189, 418, 166, 5, 0.00%, 0, 0, 6, 190.51, 797908, 333
4277, 0, 189, 418, 166, 5, 0.00%, 0, 0, 6, 196.21, 798910, 333
4282, 0, 189, 418, 166, 5, 0.00%, 0, 0, 6, 203.09, 799942, 333
4288, 0, 189, 418, 166, 5, 0.00%, 0, 0, 6, 210.65, 801062, 333
4293, 0, 189, 418, 166, 5, 0.00%, 0, 0, 6, 213.03, 802174, 333
4298, 0, 189, 418, 166, 5, 0.00%, 0, 0, 6, 211.30, 803266, 333
4303, 0, 189, 418, 166, 5, 0.00%, 0, 0, 6, 213.80, 804338, 333
4308, 0, 189, 418, 166, 5, 0.00%, 0, 0, 6, 208.74, 805277, 333
4313, 0, 189, 418, 166, 5, 0.00%, 0, 0, 6, 210.00, 806248, 333
4319, 0, 189, 418, 166, 5, 0.00%, 0, 0, 6, 176.13, 807238, 333
4324, 0, 189, 418, 166, 5, 0.00%, 0, 0, 6, 166.02, 808042, 333
4329, 0, 189, 418, 166, 5, 0.00%, 0, 0, 6, 87.91, 808443, 333
4334, 0, 189, 418, 166, 5, 0.00%, 0, 0, 6, 25.95, 808670, 333
4339, 0, 189, 418, 166, 5, 0.00%, 0, 0, 6, 140.56, 809166, 333
4344, 0, 189, 418, 166, 5, 0.00%, 0, 0, 6, 212.49, 809718, 333
4350, 0, 189, 418, 166, 5, 0.00%, 0, 0, 6, 208.82, 810806, 333
4355, 0, 189, 418, 166, 5, 0.00%, 0, 0, 6, 206.02, 811826, 333
4360, 0, 189, 418, 166, 5, 0.00%, 0, 0, 6, 203.44, 812858, 333
4365, 0, 189, 418, 166, 5, 0.00%, 0, 0, 6, 201.08, 813854, 333
4370, 0, 406, 418, 165, 4, 0.00%, 0, 0, 6, 187.50, 814809, 333
4375, 0, 406, 418, 165, 4, 0.00%, 0, 0, 6, 176.75, 815703, 333
4380, 0, 406, 418, 165, 4, 0.00%, 0, 0, 6, 164.66, 816519, 333
4385, 0, 406, 418, 165, 4, 0.00%, 0, 0, 6, 173.26, 817401, 333
4390, 0, 406, 418, 165, 4, 0.00%, 0, 0, 6, 175.89, 818289, 333
4395, 0, 406, 418, 165, 4, 0.00%, 0, 0, 6, 177.66, 819219, 333
4400, 0, 406, 418, 165, 4, 0.00%, 0, 0, 6, 178.54, 820119, 333
4405, 0, 406, 418, 165, 4, 0.00%, 0, 0, 6, 179.88, 821019, 333
4411, 0, 406, 418, 165, 4, 0.00%, 0, 0, 6, 178.18, 821940, 333
4416, 0, 406, 418, 165, 4, 0.00%, 0, 0, 6, 170.99, 822828, 333
4421, 0, 406, 418, 165, 4, 0.00%, 0, 0, 6, 175.86, 823710, 333
4426, 0, 406, 418, 165, 4, 0.00%, 0, 0, 6, 179.79, 824619, 333
4431, 0, 406, 418, 165, 4, 0.00%, 0, 0, 6, 178.88, 825513, 333
4436, 0, 406, 418, 165, 4, 0.00%, 0, 0, 6, 159.45, 826308, 333
4441, 0, 406, 418, 165, 4, 0.00%, 0, 0, 6, 156.17, 827109, 333
4446, 0, 406, 418, 165, 4, 0.00%, 0, 0, 6, 161.30, 827892, 333
4451, 0, 406, 418, 165, 4, 0.00%, 0, 0, 6, 174.12, 828783, 333
4456, 0, 406, 418, 165, 4, 0.00%, 0, 0, 6, 175.30, 829683, 333
4462, 0, 406, 418, 165, 4, 0.00%, 0, 0, 6, 177.46, 830598, 333
4467, 0, 406, 418, 165, 4, 0.00%, 0, 0, 6, 176.18, 831480, 333
4472, 0, 406, 418, 165, 4, 0.00%, 0, 0, 6, 176.84, 832398, 333
4477, 0, 406, 418, 165, 4, 0.00%, 0, 0, 6, 179.25, 833298, 333
4482, 0, 406, 418, 165, 4, 0.00%, 0, 0, 6, 177.32, 834183, 333
4487, 0, 406, 418, 165, 4, 0.00%, 0, 0, 6, 179.32, 835110, 333
4492, 0, 406, 418, 165, 4, 0.00%, 0, 0, 6, 154.15, 835902, 333
4497, 0, 406, 418, 165, 4, 0.00%, 0, 0, 6, 182.27, 836710, 333
4502, 0, 406, 418, 165, 4, 0.00%, 0, 0, 6, 173.58, 837603, 333
4507, 0, 406, 418, 165, 4, 0.00%, 0, 0, 6, 178.58, 838509, 333
4512, 0, 406, 418, 165, 4, 0.00%, 0, 0, 6, 176.00, 839421, 333
4518, 0, 406, 418, 165, 4, 0.00%, 0, 0, 6, 174.33, 840324, 333
4523, 0, 406, 418, 165, 4, 0.00%, 0, 0, 6, 175.95, 841239, 333
4528, 0, 406, 418, 165, 4, 0.00%, 0, 0, 6, 172.56, 842109, 333
4533, 0, 406, 418, 165, 4, 0.00%, 0, 0, 6, 171.02, 842964, 333
4538, 0, 406, 418, 165, 4, 0.00%, 0, 0, 6, 172.70, 843831, 333
4543, 0, 406, 418, 165, 4, 0.00%, 0, 0, 6, 168.75, 844665, 333
4548, 0, 406, 418, 165, 4, 0.00%, 0, 0, 6, 173.69, 845559, 333
4553, 0, 406, 418, 165, 4, 0.00%, 0, 0, 6, 171.03, 846417, 333
4558, 0, 416, 418, 164, 3, 0.00%, 0, 0, 6, 170.75, 847280, 333
4563, 0, 416, 418, 164, 3, 0.00%, 0, 0, 6, 177.98, 848188, 333
4568, 0, 416, 418, 164, 3, 0.00%, 0, 0, 6, 179.57, 849094, 333
4573, 0, 416, 418, 164, 3, 0.00%, 0, 0, 6, 167.69, 849952, 333
4579, 0, 416, 418, 164, 3, 0.00%, 0, 0, 6, 28.71, 850729, 333
4584, 0, 416, 418, 164, 3, 0.00%, 0, 0, 6, 8.97, 851447, 333
4589, 0, 416, 418, 164, 3, 0.00%, 0, 0, 6, 160.00, 852159, 333
4594, 0, 416, 418, 164, 3, 0.00%, 0, 0, 6, 132.36, 852603, 333
4599, 0, 416, 418, 164, 3, 0.00%, 0, 0, 6, 96.13, 852925, 333
4605, 0, 416, 418, 164, 3, 0.00%, 0, 0, 6, 76.66, 853286, 333
4610, 0, 416, 418, 164, 3, 0.00%, 0, 0, 6, 185.60, 853750, 333
4615, 0, 416, 418, 164, 3, 0.00%, 0, 0, 6, 164.79, 854539, 333
4620, 0, 416, 418, 164, 3, 0.00%, 0, 0, 6, 166.50, 855370, 333
4625, 0, 416, 418, 164, 3, 0.00%, 0, 0, 6, 161.33, 856195, 333
4630, 0, 416, 418, 164, 3, 0.00%, 0, 0, 6, 173.17, 857107, 333
4635, 0, 416, 418, 164, 3, 0.00%, 0, 0, 6, 168.02, 857962, 333
4640, 0, 416, 418, 164, 3, 0.00%, 0, 0, 6, 162.58, 858682, 333
4646, 0, 416, 418, 164, 3, 0.00%, 0, 0, 6, 171.19, 859555, 333
4651, 0, 416, 418, 164, 3, 0.00%, 0, 0, 6, 171.98, 860425, 333
4656, 0, 416, 418, 164, 3, 0.00%, 0, 0, 6, 168.81, 861262, 333
4661, 0, 416, 418, 164, 3, 0.00%, 0, 0, 6, 169.93, 862147, 333
4666, 0, 416, 418, 164, 3, 0.00%, 0, 0, 6, 175.51, 863011, 333
4671, 0, 416, 418, 164, 3, 0.00%, 0, 0, 6, 178.39, 863944, 333
4676, 0, 416, 418, 164, 3, 0.00%, 0, 0, 6, 158.43, 864724, 333
4681, 0, 416, 418, 164, 3, 0.00%, 0, 0, 6, 173.85, 865498, 333
4686, 0, 416, 418, 164, 3, 0.00%, 0, 0, 6, 169.83, 866338, 333
4691, 0, 416, 418, 164, 3, 0.00%, 0, 0, 6, 173.81, 867250, 333
4696, 0, 416, 419, 165, 3, 0.00%, 0, 0, 6, 177.00, 868149, 336
4702, 0, 416, 419, 165, 3, 0.00%, 0, 0, 6, 179.34, 869085, 336
4707, 0, 416, 419, 165, 3, 0.00%, 0, 0, 6, 165.28, 869949, 336
4712, 0, 416, 419, 165, 3, 0.00%, 0, 0, 6, 173.27, 870783, 336
4717, 0, 416, 419, 165, 3, 0.00%, 0, 0, 6, 157.30, 871572, 336
4723, 0, 416, 419, 165, 3, 0.00%, 0, 0, 6, 178.74, 872532, 336
4728, 0, 416, 419, 165, 3, 0.00%, 0, 0, 6, 181.09, 873432, 336
4733, 0, 416, 419, 165, 3, 0.00%, 0, 0, 6, 190.35, 874425, 336
4738, 0, 416, 419, 165, 3, 0.00%, 0, 0, 6, 184.77, 875379, 336
4743, 0, 416, 419, 165, 3, 0.00%, 0, 0, 6, 168.76, 876207, 336
4748, 0, 416, 419, 165, 3, 0.00%, 0, 0, 6, 180.26, 877137, 336
4753, 0, 416, 419, 165, 3, 0.00%, 0, 0, 6, 186.81, 878067, 336
4758, 0, 416, 419, 165, 3, 0.00%, 0, 0, 6, 185.75, 879021, 336
4763, 0, 416, 419, 165, 3, 0.00%, 0, 0, 6, 180.04, 879882, 336
4769, 0, 369, 419, 164, 2, 0.00%, 0, 0, 6, 253.78, 881248, 336
4774, 0, 369, 419, 164, 2, 0.00%, 0, 0, 6, 272.21, 882663, 336
4779, 0, 369, 419, 164, 2, 0.00%, 0, 0, 6, 281.09, 884093, 336
4784, 0, 369, 419, 164, 2, 0.00%, 0, 0, 6, 279.85, 885518, 336
4789, 0, 369, 419, 164, 2, 0.00%, 0, 0, 6, 289.52, 887033, 336
4794, 0, 416, 419, 164, 2, 0.00%, 0, 0, 6, 265.68, 888405, 336
4799, 0, 416, 419, 164, 2, 0.00%, 0, 0, 6, 202.46, 889345, 336
4804, 0, 416, 419, 164, 2, 0.00%, 0, 0, 6, 188.83, 890269, 336
4809, 0, 416, 419, 164, 2, 0.00%, 0, 0, 6, 184.43, 891223, 336
4814, 0, 416, 419, 164, 2, 0.00%, 0, 0, 6, 184.16, 892144, 336
4819, 0, 416, 419, 164, 2, 0.00%, 0, 0, 6, 179.10, 893074, 336
4825, 0, 416, 419, 164, 2, 0.00%, 0, 0, 6, 178.98, 894007, 336
4830, 0, 416, 419, 164, 2, 0.00%, 0, 0, 6, 185.70, 894976, 336
4835, 0, 416, 419, 164, 2, 0.00%, 0, 0, 6, 186.24, 895933, 336
4840, 0, 416, 419, 164, 2, 0.00%, 0, 0, 6, 166.73, 896770, 336
4845, 0, 416, 419, 164, 2, 0.00%, 0, 0, 6, 141.54, 897449, 336
4850, 0, 416, 419, 164, 2, 0.00%, 0, 0, 6, 174.36, 898348, 336
4855, 0, 416, 419, 164, 2, 0.00%, 0, 0, 6, 174.34, 899260, 336
4860, 0, 416, 419, 164, 2, 0.00%, 0, 0, 6, 176.28, 900148, 336
4865, 0, 416, 419, 164, 2, 0.00%, 0, 0, 6, 187.21, 901096, 336
4871, 0, 416, 419, 164, 2, 0.00%, 0, 0, 6, 187.67, 902074, 336
4876, 0, 416, 419, 164, 2, 0.00%, 0, 0, 6, 181.77, 902983, 336
4881, 0, 416, 419, 164, 2, 0.00%, 0, 0, 6, 179.20, 903898, 336
4886, 0, 416, 419, 164, 2, 0.00%, 0, 0, 6, 172.43, 904771, 336
4891, 0, 416, 419, 164, 2, 0.00%, 0, 0, 6, 181.91, 905725, 336
4896, 0, 416, 419, 164, 2, 0.00%, 0, 0, 6, 186.43, 906655, 336
4901, 0, 416, 419, 164, 2, 0.00%, 0, 0, 6, 184.24, 907597, 336
4906, 0, 416, 419, 164, 2, 0.00%, 0, 0, 6, 189.02, 908572, 336
4912, 0, 416, 419, 164, 2, 0.00%, 0, 0, 6, 189.62, 909553, 336
4917, 0, 416, 419, 164, 2, 0.00%, 0, 0, 6, 182.00, 910477, 336
4922, 0, 416, 419, 164, 2, 0.00%, 0, 0, 6, 190.56, 911467, 336
4927, 0, 416, 419, 164, 2, 0.00%, 0, 0, 6, 175.50, 912361, 336
4932, 0, 416, 419, 164, 2, 0.00%, 0, 0, 6, 171.99, 913204, 336
4937, 0, 416, 419, 164, 2, 0.00%, 0, 0, 6, 182.66, 914155, 336
4942, 0, 416, 419, 164, 2, 0.00%, 0, 0, 6, 183.98, 915076, 336
4947, 0, 416, 419, 164, 2, 0.00%, 0, 0, 6, 182.94, 916030, 336
4953, 0, 416, 419, 164, 2, 0.00%, 0, 0, 6, 181.59, 916975, 336
4958, 0, 416, 419, 164, 2, 0.00%, 0, 0, 6, 183.96, 917929, 336
4963, 0, 416, 419, 164, 2, 0.00%, 0, 0, 6, 185.05, 918883, 336
4968, 0, 416, 419, 164, 2, 0.00%, 0, 0, 6, 189.41, 919870, 336
4973, 0, 416, 419, 164, 2, 0.00%, 0, 0, 6, 190.00, 920860, 336
4978, 0, 398, 419, 164, 2, 0.00%, 0, 0, 6, 180.44, 921780, 336
4983, 0, 398, 419, 164, 2, 0.00%, 0, 0, 6, 174.41, 922656, 336
4989, 0, 398, 419, 164, 2, 0.00%, 0, 0, 6, 174.25, 923556, 336
4994, 0, 398, 419, 164, 2, 0.00%, 0, 0, 6, 162.64, 924399, 336
4999, 0, 398, 419, 164, 2, 0.00%, 0, 0, 6, 166.40, 925224, 336
5004, 0, 398, 419, 164, 2, 0.00%, 0, 0, 6, 176.64, 926154, 336
5009, 0, 398, 419, 164, 2, 0.00%, 0, 0, 6, 171.44, 927018, 336
5014, 0, 398, 419, 164, 2, 0.00%, 0, 0, 6, 176.07, 927903, 336
5019, 0, 398, 419, 164, 2, 0.00%, 0, 0, 6, 175.99, 928785, 336
5024, 0, 398, 419, 164, 2, 0.00%, 0, 0, 6, 176.19, 929661, 336
5029, 0, 398, 419, 164, 2, 0.00%, 0, 0, 6, 175.45, 930528, 336
5034, 0, 398, 419, 164, 2, 0.00%, 0, 0, 6, 175.50, 931428, 336
5040, 0, 398, 419, 164, 2, 0.00%, 0, 0, 6, 176.21, 932310, 336
5045, 0, 398, 419, 164, 2, 0.00%, 0, 0, 6, 175.17, 933222, 336
5050, 0, 398, 419, 164, 2, 0.00%, 0, 0, 6, 177.01, 934104, 336
5055, 0, 398, 419, 164, 2, 0.00%, 0, 0, 6, 171.40, 934959, 336
5060, 0, 398, 419, 164, 2, 0.00%, 0, 0, 6, 165.68, 935781, 336
5065, 0, 398, 419, 164, 2, 0.00%, 0, 0, 6, 171.36, 936657, 336
5070, 0, 398, 419, 164, 2, 0.00%, 0, 0, 6, 171.28, 937500, 336
5075, 0, 398, 419, 164, 2, 0.00%, 0, 0, 6, 162.45, 938301, 336
5080, 0, 398, 419, 164, 2, 0.00%, 0, 0, 6, 166.16, 939159, 336
5085, 0, 398, 419, 164, 2, 0.00%, 0, 0, 6, 13.45, 939996, 336
5090, 0, 398, 419, 164, 2, 0.00%, 0, 0, 6, 168.70, 940830, 336
5095, 0, 398, 419, 164, 2, 0.00%, 0, 0, 6, 166.53, 941697, 336
5101, 0, 398, 419, 164, 2, 0.00%, 0, 0, 6, 148.38, 942449, 336
5106, 0, 398, 419, 164, 2, 0.00%, 0, 0, 6, 156.93, 943230, 336
5111, 0, 398, 419, 164, 2, 0.00%, 0, 0, 6, 169.63, 944133, 336
5116, 0, 398, 419, 164, 2, 0.00%, 0, 0, 6, 173.49, 945036, 336
5121, 0, 398, 419, 164, 2, 0.00%, 0, 0, 6, 174.87, 945924, 336
5126, 0, 398, 419, 164, 2, 0.00%, 0, 0, 6, 175.60, 946803, 336
5131, 0, 398, 419, 164, 2, 0.00%, 0, 0, 6, 170.49, 947658, 336
5136, 0, 398, 419, 164, 2, 0.00%, 0, 0, 6, 153.94, 948426, 336
5141, 0, 398, 419, 164, 2, 0.00%, 0, 0, 6, 161.15, 949236, 336
5146, 0, 398, 419, 164, 2, 0.00%, 0, 0, 6, 157.57, 950031, 336
5151, 0, 398, 419, 164, 2, 0.00%, 0, 0, 6, 169.15, 950859, 336
5156, 0, 398, 419, 164, 2, 0.00%, 0, 0, 6, 142.23, 951557, 336
5161, 0, 398, 419, 164, 2, 0.00%, 0, 0, 6, 127.12, 952175, 336
5166, 0, 398, 419, 164, 2, 0.00%, 0, 0, 6, 123.53, 952773, 336
5172, 0, 398, 419, 164, 2, 0.00%, 0, 0, 6, 124.15, 953425, 336
5177, 0, 384, 419, 164, 2, 0.00%, 0, 0, 6, 129.62, 954089, 336
5182, 0, 384, 419, 164, 2, 0.00%, 0, 0, 6, 138.50, 954811, 336
5187, 0, 384, 419, 164, 2, 0.00%, 0, 0, 6, 142.17, 955555, 336
5192, 0, 384, 419, 164, 2, 0.00%, 0, 0, 6, 173.86, 956474, 336
5197, 0, 384, 419, 164, 2, 0.00%, 0, 0, 6, 186.61, 957458, 336
5203, 0, 384, 419, 164, 2, 0.00%, 0, 0, 6, 180.63, 958409, 336
5208, 0, 384, 419, 164, 2, 0.00%, 0, 0, 6, 168.05, 959219, 336
5213, 0, 384, 419, 164, 2, 0.00%, 0, 0, 6, 189.20, 960200, 336
5218, 0, 384, 419, 164, 2, 0.00%, 0, 0, 6, 188.91, 961178, 336
5223, 0, 384, 419, 164, 2, 0.00%, 0, 0, 6, 195.33, 962186, 336
5228, 0, 384, 419, 164, 2, 0.00%, 0, 0, 6, 194.77, 963191, 336
5233, 0, 384, 419, 164, 2, 0.00%, 0, 0, 6, 188.96, 964181, 336
5238, 0, 384, 419, 164, 2, 0.00%, 0, 0, 6, 191.25, 965123, 336
5244, 0, 384, 419, 164, 2, 0.00%, 0, 0, 6, 190.63, 966110, 336
5249, 0, 384, 419, 164, 2, 0.00%, 0, 0, 6, 190.42, 967103, 336
5254, 0, 384, 419, 164, 2, 0.00%, 0, 0, 6, 190.20, 968093, 336
5259, 0, 384, 419, 164, 2, 0.00%, 0, 0, 6, 192.93, 969095, 336
5264, 0, 384, 419, 164, 2, 0.00%, 0, 0, 6, 188.91, 970043, 336
5269, 0, 384, 419, 164, 2, 0.00%, 0, 0, 6, 191.12, 971039, 336
5275, 0, 384, 419, 164, 2, 0.00%, 0, 0, 6, 190.49, 972023, 336
5280, 0, 384, 419, 164, 2, 0.00%, 0, 0, 6, 188.85, 972971, 336
5285, 0, 384, 419, 164, 2, 0.00%, 0, 0, 6, 183.75, 973931, 336
5290, 0, 384, 419, 164, 2, 0.00%, 0, 0, 6, 188.67, 974870, 336
5295, 0, 384, 419, 164, 2, 0.00%, 0, 0, 6, 185.64, 975797, 336
5300, 0, 384, 419, 164, 2, 0.00%, 0, 0, 6, 181.51, 976712, 336
5305, 0, 384, 419, 164, 2, 0.00%, 0, 0, 6, 184.84, 977621, 336
5310, 0, 384, 419, 164, 2, 0.00%, 0, 0, 6, 184.32, 978572, 336
5315, 0, 384, 419, 164, 2, 0.00%, 0, 0, 6, 186.73, 979505, 336
5320, 0, 384, 419, 164, 2, 0.00%, 0, 0, 6, 182.74, 980447, 336
5325, 0, 384, 419, 164, 2, 0.00%, 0, 0, 6, 187.34, 981404, 336
5330, 0, 384, 419, 164, 2, 0.00%, 0, 0, 6, 188.96, 982358, 336
5336, 0, 384, 419, 164, 2, 0.00%, 0, 0, 6, 195.59, 983366, 336
5341, 0, 384, 419, 164, 2, 0.00%, 0, 0, 6, 185.68, 984245, 336
5346, 0, 384, 419, 164, 2, 0.00%, 0, 0, 6, 183.62, 985157, 336
5351, 0, 384, 419, 164, 2, 0.00%, 0, 0, 6, 188.49, 986129, 336
5356, 0, 409, 419, 164, 2, 0.00%, 0, 0, 6, 234.31, 987249, 336
5361, 0, 409, 419, 164, 2, 0.00%, 0, 0, 6, 264.19, 988679, 336
5366, 0, 409, 419, 164, 2, 0.00%, 0, 0, 6, 272.43, 990069, 336
5371, 0, 409, 419, 164, 2, 0.00%, 0, 0, 6, 275.88, 991454, 336
5376, 0, 409, 419, 164, 2, 0.00%, 0, 0, 6, 274.78, 992869, 336
5381, 0, 409, 419, 164, 2, 0.00%, 0, 0, 6, 275.36, 994259, 336
5386, 0, 369, 419, 164, 2, 0.00%, 0, 0, 6, 283.35, 995676, 336
5390, 0, 369, 419, 164, 2, 0.00%, 0, 0, 6, 284.18, 996572, 336
