# relative_time, cycles_done, cur_path, paths_total, pending_total, pending_favs, map_size, unique_crashes, unique_hangs, max_depth, execs_per_sec, total_execs, edges_found
62, 0, 189, 377, 156, 20, 0.00%, 0, 0, 3, 202.63, 15795, 301
67, 0, 189, 377, 156, 20, 0.00%, 0, 0, 3, 206.51, 16867, 301
72, 0, 189, 377, 156, 20, 0.00%, 0, 0, 3, 205.00, 17899, 301
77, 0, 189, 377, 156, 20, 0.00%, 0, 0, 3, 209.99, 18959, 301
82, 0, 189, 377, 156, 20, 0.00%, 0, 0, 3, 213.52, 20035, 301
87, 0, 189, 377, 156, 20, 0.00%, 0, 0, 3, 200.30, 21043, 301
92, 0, 189, 377, 156, 20, 0.00%, 0, 0, 3, 208.05, 22119, 301
97, 0, 189, 377, 156, 20, 0.00%, 0, 0, 3, 208.58, 23163, 301
102, 0, 189, 377, 156, 20, 0.00%, 0, 0, 3, 210.50, 24231, 301
108, 0, 189, 377, 156, 20, 0.00%, 0, 0, 3, 203.68, 25179, 301
113, 0, 189, 377, 156, 20, 0.00%, 0, 0, 3, 211.33, 26243, 301
118, 0, 189, 377, 156, 20, 0.00%, 0, 0, 3, 208.56, 27271, 301
123, 0, 189, 377, 156, 20, 0.00%, 0, 0, 3, 217.29, 28355, 301
128, 0, 299, 384, 162, 20, 0.00%, 0, 0, 3, 183.36, 29251, 305
133, 0, 299, 384, 162, 20, 0.00%, 0, 0, 3, 169.66, 30094, 305
138, 0, 299, 384, 162, 20, 0.00%, 0, 0, 3, 169.78, 30949, 305
143, 0, 299, 385, 163, 20, 0.00%, 0, 0, 3, 170.81, 31818, 305
148, 0, 299, 386, 164, 20, 0.00%, 0, 0, 3, 157.38, 32591, 305
153, 0, 299, 386, 164, 20, 0.00%, 0, 0, 3, 160.54, 33368, 305
158, 0, 299, 386, 164, 20, 0.00%, 0, 0, 3, 169.20, 34232, 305
163, 0, 299, 386, 164, 20, 0.00%, 0, 0, 3, 169.92, 35087, 305
168, 0, 299, 386, 164, 20, 0.00%, 0, 0, 3, 161.84, 35894, 305
173, 0, 299, 386, 164, 20, 0.00%, 0, 0, 3, 162.18, 36719, 305
178, 0, 299, 386, 164, 20, 0.00%, 0, 0, 3, 170.43, 37577, 305
183, 0, 299, 386, 164, 20, 0.00%, 0, 0, 3, 172.67, 38441, 305
188, 0, 299, 386, 164, 20, 0.00%, 0, 0, 3, 170.84, 39284, 305
194, 0, 299, 386, 164, 20, 0.00%, 0, 0, 3, 174.31, 40178, 305
199, 0, 299, 386, 164, 20, 0.00%, 0, 0, 3, 171.84, 41066, 305
204, 0, 299, 386, 164, 20, 0.00%, 0, 0, 3, 168.15, 41885, 305
209, 0, 299, 386, 164, 20, 0.00%, 0, 0, 3, 168.45, 42773, 305
214, 0, 299, 386, 164, 20, 0.00%, 0, 0, 3, 176.22, 43691, 305
220, 0, 299, 386, 164, 20, 0.00%, 0, 0, 3, 165.28, 44537, 305
225, 0, 299, 386, 164, 20, 0.00%, 0, 0, 3, 172.58, 45452, 305
230, 0, 299, 386, 164, 20, 0.00%, 0, 0, 3, 166.28, 46304, 305
235, 0, 299, 386, 164, 20, 0.00%, 0, 0, 3, 168.13, 47180, 305
240, 0, 299, 386, 164, 20, 0.00%, 0, 0, 3, 170.19, 48062, 305
245, 0, 299, 386, 164, 20, 0.00%, 0, 0, 3, 174.00, 48929, 305
250, 0, 299, 386, 164, 20, 0.00%, 0, 0, 3, 173.95, 49799, 305
255, 0, 299, 386, 164, 20, 0.00%, 0, 0, 3, 175.56, 50705, 305
260, 0, 299, 386, 164, 20, 0.00%, 0, 0, 3, 171.83, 51566, 305
266, 0, 299, 386, 164, 20, 0.00%, 0, 0, 3, 170.85, 52457, 305
271, 0, 299, 386, 164, 20, 0.00%, 0, 0, 3, 175.72, 53375, 305
276, 0, 299, 386, 164, 20, 0.00%, 0, 0, 3, 174.39, 54254, 305
281, 0, 299, 386, 164, 20, 0.00%, 0, 0, 3, 169.87, 55103, 305
286, 0, 299, 386, 164, 20, 0.00%, 0, 0, 3, 170.56, 55985, 305
291, 0, 299, 386, 164, 20, 0.00%, 0, 0, 3, 164.01, 56810, 305
296, 0, 299, 386, 164, 20, 0.00%, 0, 0, 3, 167.04, 57656, 305
301, 0, 299, 386, 164, 20, 0.00%, 0, 0, 3, 172.66, 58565, 305
306, 0, 299, 386, 164, 20, 0.00%, 0, 0, 3, 175.61, 59453, 305
312, 0, 299, 386, 164, 20, 0.00%, 0, 0, 3, 167.66, 60323, 305
317, 0, 299, 386, 164, 20, 0.00%, 0, 0, 3, 167.26, 61178, 305
322, 0, 375, 386, 163, 22, 0.00%, 0, 0, 3, 184.40, 62097, 305
327, 0, 375, 386, 163, 22, 0.00%, 0, 0, 3, 193.38, 63078, 305
332, 0, 375, 386, 163, 22, 0.00%, 0, 0, 3, 197.23, 64074, 305
337, 0, 375, 386, 163, 22, 0.00%, 0, 0, 3, 202.39, 65095, 305
342, 0, 375, 386, 163, 22, 0.00%, 0, 0, 3, 202.73, 66111, 305
347, 0, 375, 386, 163, 22, 0.00%, 0, 0, 3, 201.43, 67127, 305
352, 0, 375, 386, 163, 22, 0.00%, 0, 0, 3, 203.72, 68163, 305
357, 0, 375, 386, 163, 22, 0.00%, 0, 0, 3, 203.78, 69207, 305
362, 0, 375, 386, 163, 22, 0.00%, 0, 0, 3, 208.51, 70251, 305
367, 0, 375, 386, 163, 22, 0.00%, 0, 0, 3, 203.37, 71279, 305
372, 0, 375, 387, 164, 22, 0.00%, 0, 0, 3, 210.78, 72383, 306
377, 0, 375, 387, 164, 22, 0.00%, 0, 0, 3, 204.11, 73399, 306
383, 0, 375, 387, 164, 22, 0.00%, 0, 0, 3, 208.47, 74463, 306
388, 0, 375, 387, 164, 22, 0.00%, 0, 0, 3, 203.34, 75483, 306
393, 0, 375, 387, 164, 22, 0.00%, 0, 0, 3, 202.60, 76499, 306
398, 0, 375, 387, 164, 22, 0.00%, 0, 0, 3, 211.22, 77563, 306
403, 0, 375, 387, 164, 22, 0.00%, 0, 0, 3, 188.56, 78521, 306
408, 0, 375, 387, 164, 22, 0.00%, 0, 0, 3, 213.68, 79439, 306
413, 0, 375, 387, 164, 22, 0.00%, 0, 0, 3, 211.37, 80495, 306
418, 0, 375, 387, 164, 22, 0.00%, 0, 0, 3, 217.95, 81587, 306
423, 0, 375, 387, 164, 22, 0.00%, 0, 0, 3, 217.16, 82671, 306
428, 0, 375, 387, 164, 22, 0.00%, 0, 0, 3, 213.74, 83775, 306
433, 0, 375, 387, 164, 22, 0.00%, 0, 0, 3, 219.69, 84875, 306
439, 0, 375, 387, 164, 22, 0.00%, 0, 0, 3, 221.11, 85979, 306
444, 0, 375, 387, 164, 22, 0.00%, 0, 0, 3, 217.26, 87091, 306
449, 0, 375, 388, 165, 22, 0.00%, 0, 0, 3, 199.53, 88111, 306
454, 0, 375, 388, 165, 22, 0.00%, 0, 0, 3, 207.00, 89087, 306
459, 0, 375, 388, 165, 22, 0.00%, 0, 0, 3, 214.83, 90175, 306
464, 0, 375, 388, 165, 22, 0.00%, 0, 0, 3, 215.99, 91259, 306
469, 0, 375, 388, 165, 22, 0.00%, 0, 0, 3, 221.62, 92391, 306
474, 0, 375, 388, 165, 22, 0.00%, 0, 0, 3, 212.27, 93467, 306
479, 0, 197, 388, 164, 23, 0.00%, 0, 0, 3, 220.73, 94561, 306
484, 0, 197, 389, 165, 23, 0.00%, 0, 0, 3, 306.79, 96240, 307
489, 0, 197, 389, 165, 23, 0.00%, 0, 0, 3, 328.78, 97920, 307
494, 0, 197, 389, 165, 23, 0.00%, 0, 0, 3, 330.01, 99594, 307
499, 0, 197, 389, 165, 23, 0.00%, 0, 0, 3, 340.46, 101382, 307
505, 0, 361, 389, 164, 23, 0.00%, 0, 0, 3, 293.47, 102919, 307
510, 0, 361, 390, 165, 23, 0.00%, 0, 0, 3, 206.82, 103853, 308
515, 0, 361, 390, 165, 23, 0.00%, 0, 0, 3, 157.76, 104484, 308
521, 0, 361, 390, 165, 23, 0.00%, 0, 0, 3, 88.42, 105237, 308
526, 0, 361, 390, 165, 23, 0.00%, 0, 0, 3, 93.30, 105693, 308
531, 0, 361, 390, 165, 23, 0.00%, 0, 0, 3, 132.38, 106199, 308
536, 0, 361, 390, 165, 23, 0.00%, 0, 0, 3, 200.93, 107113, 308
541, 0, 361, 390, 165, 23, 0.00%, 0, 0, 3, 207.28, 108165, 308
546, 0, 361, 390, 165, 23, 0.00%, 0, 0, 3, 206.95, 109253, 308
551, 0, 361, 390, 165, 23, 0.00%, 0, 0, 3, 219.77, 110361, 308
556, 0, 361, 390, 165, 23, 0.00%, 0, 0, 3, 224.43, 111489, 308
561, 0, 361, 390, 165, 23, 0.00%, 0, 0, 3, 227.34, 112641, 308
566, 0, 361, 390, 165, 23, 0.00%, 0, 0, 3, 202.87, 113685, 308
572, 0, 361, 390, 165, 23, 0.00%, 0, 0, 3, 205.31, 114741, 308
577, 0, 361, 390, 165, 23, 0.00%, 0, 0, 3, 219.34, 115861, 308
582, 0, 361, 390, 165, 23, 0.00%, 0, 0, 3, 220.11, 116989, 308
587, 0, 361, 390, 165, 23, 0.00%, 0, 0, 3, 223.84, 118121, 308
592, 0, 361, 390, 165, 23, 0.00%, 0, 0, 3, 208.98, 119149, 308
597, 0, 361, 390, 165, 23, 0.00%, 0, 0, 3, 212.89, 120225, 308
602, 0, 361, 390, 165, 23, 0.00%, 0, 0, 3, 217.00, 121301, 308
607, 0, 361, 390, 165, 23, 0.00%, 0, 0, 3, 214.47, 122365, 308
612, 0, 361, 390, 165, 23, 0.00%, 0, 0, 3, 218.55, 123489, 308
617, 0, 361, 390, 165, 23, 0.00%, 0, 0, 3, 218.49, 124577, 308
622, 0, 361, 390, 165, 23, 0.00%, 0, 0, 3, 220.54, 125717, 308
628, 0, 361, 390, 165, 23, 0.00%, 0, 0, 3, 208.92, 126821, 308
633, 0, 361, 390, 165, 23, 0.00%, 0, 0, 3, 211.28, 127833, 308
638, 0, 361, 390, 165, 23, 0.00%, 0, 0, 3, 210.82, 128877, 308
643, 0, 361, 390, 165, 23, 0.00%, 0, 0, 3, 212.91, 129981, 308
648, 0, 361, 390, 165, 23, 0.00%, 0, 0, 3, 218.98, 131089, 308
653, 0, 361, 390, 165, 23, 0.00%, 0, 0, 3, 215.52, 132201, 308
658, 0, 361, 390, 165, 23, 0.00%, 0, 0, 3, 192.41, 133113, 308
663, 0, 361, 390, 165, 23, 0.00%, 0, 0, 3, 208.86, 134109, 308
668, 0, 361, 390, 165, 23, 0.00%, 0, 0, 3, 207.64, 135185, 308
673, 0, 388, 390, 164, 23, 0.00%, 0, 0, 3, 300.01, 136721, 308
679, 0, 388, 390, 164, 23, 0.00%, 0, 0, 3, 329.38, 138476, 308
684, 0, 388, 390, 164, 23, 0.00%, 0, 0, 3, 338.11, 140198, 308
689, 0, 388, 390, 164, 23, 0.00%, 0, 0, 3, 332.84, 141854, 308
694, 0, 388, 390, 164, 23, 0.00%, 0, 0, 3, 328.82, 143558, 308
699, 0, 381, 391, 164, 22, 0.00%, 0, 0, 3, 217.58, 144555, 309
704, 0, 381, 391, 164, 22, 0.00%, 0, 0, 3, 191.12, 145485, 309
709, 0, 381, 391, 164, 22, 0.00%, 0, 0, 3, 181.74, 146370, 309
714, 0, 381, 391, 164, 22, 0.00%, 0, 0, 3, 182.87, 147315, 309
719, 0, 381, 391, 164, 22, 0.00%, 0, 0, 3, 182.69, 148269, 309
724, 0, 381, 391, 164, 22, 0.00%, 0, 0, 3, 181.68, 149190, 309
729, 0, 381, 391, 164, 22, 0.00%, 0, 0, 3, 182.64, 150138, 309
735, 0, 381, 391, 164, 22, 0.00%, 0, 0, 3, 177.59, 151026, 309
740, 0, 381, 391, 164, 22, 0.00%, 0, 0, 3, 179.03, 151962, 309
745, 0, 381, 391, 164, 22, 0.00%, 0, 0, 3, 180.60, 152892, 309
750, 0, 381, 391, 164, 22, 0.00%, 0, 0, 3, 191.05, 153834, 309
755, 0, 381, 391, 164, 22, 0.00%, 0, 0, 3, 212.95, 154951, 309
760, 0, 381, 391, 164, 22, 0.00%, 0, 0, 3, 215.20, 156043, 309
765, 0, 381, 391, 164, 22, 0.00%, 0, 0, 3, 204.06, 157095, 309
770, 0, 381, 391, 164, 22, 0.00%, 0, 0, 3, 198.71, 158064, 309
775, 0, 381, 391, 164, 22, 0.00%, 0, 0, 3, 215.85, 159175, 309
780, 0, 381, 391, 164, 22, 0.00%, 0, 0, 3, 200.80, 160146, 309
786, 0, 381, 391, 164, 22, 0.00%, 0, 0, 3, 215.63, 161251, 309
791, 0, 381, 391, 164, 22, 0.00%, 0, 0, 3, 218.67, 162399, 309
796, 0, 381, 391, 164, 22, 0.00%, 0, 0, 3, 210.02, 163467, 309
801, 0, 381, 391, 164, 22, 0.00%, 0, 0, 3, 187.81, 164412, 309
806, 0, 381, 391, 164, 22, 0.00%, 0, 0, 3, 167.26, 165264, 309
811, 0, 381, 392, 165, 22, 0.00%, 0, 0, 3, 165.25, 166127, 310
816, 0, 381, 392, 165, 22, 0.00%, 0, 0, 3, 160.02, 166916, 310
822, 0, 381, 392, 165, 22, 0.00%, 0, 0, 3, 160.00, 167712, 310
827, 0, 381, 392, 165, 22, 0.00%, 0, 0, 3, 169.81, 168558, 310
832, 0, 381, 392, 165, 22, 0.00%, 0, 0, 3, 202.37, 169636, 310
837, 0, 381, 392, 165, 22, 0.00%, 0, 0, 3, 218.01, 170740, 310
842, 0, 381, 392, 165, 22, 0.00%, 0, 0, 3, 218.99, 171848, 310
847, 0, 381, 392, 165, 22, 0.00%, 0, 0, 3, 218.07, 172944, 310
852, 0, 381, 392, 165, 22, 0.00%, 0, 0, 3, 211.66, 173964, 310
857, 0, 381, 392, 165, 22, 0.00%, 0, 0, 3, 205.67, 175032, 310
862, 0, 381, 392, 165, 22, 0.00%, 0, 0, 3, 175.57, 175896, 310
867, 0, 389, 392, 164, 22, 0.00%, 0, 0, 3, 185.65, 176815, 310
872, 0, 389, 392, 164, 22, 0.00%, 0, 0, 3, 209.91, 177883, 310
878, 0, 389, 392, 164, 22, 0.00%, 0, 0, 3, 209.24, 178971, 310
883, 0, 389, 392, 164, 22, 0.00%, 0, 0, 3, 205.16, 179995, 310
888, 0, 389, 392, 164, 22, 0.00%, 0, 0, 3, 205.94, 181003, 310
893, 0, 389, 392, 164, 22, 0.00%, 0, 0, 3, 195.72, 181960, 310
898, 0, 389, 392, 164, 22, 0.00%, 0, 0, 3, 200.33, 182995, 310
903, 0, 389, 392, 164, 22, 0.00%, 0, 0, 3, 195.10, 183934, 310
908, 0, 389, 392, 164, 22, 0.00%, 0, 0, 3, 184.52, 184894, 310
913, 0, 389, 392, 164, 22, 0.00%, 0, 0, 3, 194.98, 185878, 310
918, 0, 389, 392, 164, 22, 0.00%, 0, 0, 3, 201.59, 186923, 310
923, 0, 389, 392, 164, 22, 0.00%, 0, 0, 3, 200.35, 187943, 310
928, 0, 389, 392, 164, 22, 0.00%, 0, 0, 3, 204.37, 188975, 310
933, 0, 389, 392, 164, 22, 0.00%, 0, 0, 3, 201.83, 189991, 310
938, 0, 389, 392, 164, 22, 0.00%, 0, 0, 3, 202.09, 190995, 310
943, 0, 389, 392, 164, 22, 0.00%, 0, 0, 3, 210.35, 192063, 310
949, 0, 389, 392, 164, 22, 0.00%, 0, 0, 3, 210.85, 193115, 310
954, 0, 389, 392, 164, 22, 0.00%, 0, 0, 3, 197.96, 194122, 310
959, 0, 389, 392, 164, 22, 0.00%, 0, 0, 3, 198.00, 195085, 310
964, 0, 389, 392, 164, 22, 0.00%, 0, 0, 3, 202.61, 196143, 310
969, 0, 389, 392, 164, 22, 0.00%, 0, 0, 3, 191.06, 197119, 310
974, 0, 389, 392, 164, 22, 0.00%, 0, 0, 3, 207.09, 198223, 310
980, 0, 389, 392, 164, 22, 0.00%, 0, 0, 3, 207.90, 199307, 310
985, 0, 389, 392, 164, 22, 0.00%, 0, 0, 3, 207.48, 200355, 310
990, 0, 389, 392, 164, 22, 0.00%, 0, 0, 3, 203.38, 201392, 310
995, 0, 389, 393, 165, 22, 0.00%, 0, 0, 3, 201.11, 202420, 311
1000, 0, 389, 393, 165, 22, 0.00%, 0, 0, 3, 205.80, 203492, 311
1005, 0, 389, 393, 165, 22, 0.00%, 0, 0, 3, 187.03, 204412, 311
1010, 0, 389, 393, 165, 22, 0.00%, 0, 0, 3, 195.54, 205420, 311
1015, 0, 389, 393, 165, 22, 0.00%, 0, 0, 3, 210.15, 206520, 311
1020, 0, 389, 393, 165, 22, 0.00%, 0, 0, 3, 209.73, 207584, 311
1025, 0, 389, 393, 165, 22, 0.00%, 0, 0, 3, 215.43, 208676, 311
1031, 0, 386, 393, 164, 21, 0.00%, 0, 0, 3, 217.16, 209770, 311
1036, 0, 386, 393, 164, 21, 0.00%, 0, 0, 3, 218.05, 210870, 311
1041, 0, 386, 393, 164, 21, 0.00%, 0, 0, 3, 215.95, 211946, 311
1046, 0, 386, 393, 164, 21, 0.00%, 0, 0, 3, 216.61, 213030, 311
1051, 0, 386, 393, 164, 21, 0.00%, 0, 0, 3, 221.12, 214154, 311
1056, 0, 386, 393, 164, 21, 0.00%, 0, 0, 3, 218.49, 215250, 311
1061, 0, 386, 393, 164, 21, 0.00%, 0, 0, 3, 216.74, 216342, 311
1066, 0, 386, 393, 164, 21, 0.00%, 0, 0, 3, 217.71, 217474, 311
1071, 0, 386, 393, 164, 21, 0.00%, 0, 0, 3, 215.04, 218554, 311
1076, 0, 386, 393, 164, 21, 0.00%, 0, 0, 3, 217.05, 219682, 311
1081, 0, 386, 393, 164, 21, 0.00%, 0, 0, 3, 216.77, 220774, 311
1086, 0, 386, 393, 164, 21, 0.00%, 0, 0, 3, 212.37, 221838, 311
1091, 0, 386, 393, 164, 21, 0.00%, 0, 0, 3, 213.90, 222922, 311
1096, 0, 386, 393, 164, 21, 0.00%, 0, 0, 3, 210.54, 224018, 311
1102, 0, 386, 393, 164, 21, 0.00%, 0, 0, 3, 213.86, 225090, 311
1107, 0, 386, 393, 164, 21, 0.00%, 0, 0, 3, 216.87, 226182, 311
1112, 0, 386, 393, 164, 21, 0.00%, 0, 0, 3, 213.11, 227282, 311
1117, 0, 386, 393, 164, 21, 0.00%, 0, 0, 3, 207.25, 228314, 311
1122, 0, 386, 393, 164, 21, 0.00%, 0, 0, 3, 209.78, 229366, 311
1127, 0, 386, 393, 164, 21, 0.00%, 0, 0, 3, 215.49, 230486, 311
1132, 0, 386, 393, 164, 21, 0.00%, 0, 0, 3, 214.18, 231558, 311
1137, 0, 386, 393, 164, 21, 0.00%, 0, 0, 3, 202.32, 232574, 311
1142, 0, 386, 393, 164, 21, 0.00%, 0, 0, 3, 210.64, 233650, 311
1147, 0, 386, 393, 164, 21, 0.00%, 0, 0, 3, 200.45, 234662, 311
1152, 0, 386, 393, 164, 21, 0.00%, 0, 0, 3, 187.14, 235619, 311
1157, 0, 386, 393, 164, 21, 0.00%, 0, 0, 3, 209.43, 236662, 311
1163, 0, 386, 393, 164, 21, 0.00%, 0, 0, 3, 217.60, 237802, 311
1168, 0, 386, 393, 164, 21, 0.00%, 0, 0, 3, 217.48, 238902, 311
1173, 0, 386, 393, 164, 21, 0.00%, 0, 0, 3, 222.74, 240062, 311
1178, 0, 386, 393, 164, 21, 0.00%, 0, 0, 3, 201.18, 240986, 311
1183, 0, 386, 393, 164, 21, 0.00%, 0, 0, 3, 216.48, 242090, 311
1188, 0, 379, 394, 164, 20, 0.00%, 0, 0, 3, 185.37, 243003, 311
1193, 0, 379, 396, 166, 20, 0.00%, 0, 0, 3, 184.07, 243943, 312
1198, 0, 379, 396, 166, 20, 0.00%, 0, 0, 3, 181.60, 244846, 312
1204, 0, 379, 396, 166, 20, 0.00%, 0, 0, 3, 179.82, 245746, 312
1209, 0, 379, 396, 166, 20, 0.00%, 0, 0, 3, 181.66, 246661, 312
1214, 0, 379, 396, 166, 20, 0.00%, 0, 0, 3, 178.55, 247558, 312
1219, 0, 379, 396, 166, 20, 0.00%, 0, 0, 3, 183.03, 248476, 312
1224, 0, 379, 396, 166, 20, 0.00%, 0, 0, 3, 184.82, 249391, 312
1229, 0, 379, 396, 166, 20, 0.00%, 0, 0, 3, 182.61, 250345, 312
1234, 0, 379, 396, 166, 20, 0.00%, 0, 0, 3, 181.90, 251257, 312
1239, 0, 379, 397, 167, 20, 0.00%, 0, 0, 3, 178.57, 252138, 313
1244, 0, 379, 397, 167, 20, 0.00%, 0, 0, 3, 179.25, 253071, 313
1249, 0, 379, 397, 167, 20, 0.00%, 0, 0, 3, 180.87, 253986, 313
1254, 0, 379, 397, 167, 20, 0.00%, 0, 0, 3, 181.95, 254931, 313
1259, 0, 379, 397, 167, 20, 0.00%, 0, 0, 3, 165.36, 255783, 313
1265, 0, 379, 397, 167, 20, 0.00%, 0, 0, 3, 175.07, 256674, 313
1270, 0, 379, 397, 167, 20, 0.00%, 0, 0, 3, 179.75, 257577, 313
1275, 0, 379, 397, 167, 20, 0.00%, 0, 0, 3, 173.52, 258456, 313
1280, 0, 379, 397, 167, 20, 0.00%, 0, 0, 3, 180.35, 259398, 313
1285, 0, 379, 397, 167, 20, 0.00%, 0, 0, 3, 175.69, 260280, 313
1290, 0, 379, 397, 167, 20, 0.00%, 0, 0, 3, 180.64, 261219, 313
1295, 0, 379, 397, 167, 20, 0.00%, 0, 0, 3, 179.09, 262149, 313
1300, 0, 379, 397, 167, 20, 0.00%, 0, 0, 3, 176.28, 263031, 313
1305, 0, 379, 397, 167, 20, 0.00%, 0, 0, 3, 176.07, 263949, 313
1311, 0, 379, 397, 167, 20, 0.00%, 0, 0, 3, 181.55, 264900, 313
1316, 0, 379, 397, 167, 20, 0.00%, 0, 0, 3, 182.38, 265818, 313
1321, 0, 379, 397, 167, 20, 0.00%, 0, 0, 3, 169.90, 266664, 313
1326, 0, 379, 397, 167, 20, 0.00%, 0, 0, 3, 175.82, 267576, 313
1331, 0, 379, 397, 167, 20, 0.00%, 0, 0, 3, 179.14, 268518, 313
1336, 0, 379, 397, 167, 20, 0.00%, 0, 0, 3, 181.19, 269445, 313
1341, 0, 379, 398, 168, 20, 0.00%, 0, 0, 3, 175.17, 270342, 315
1346, 0, 379, 398, 168, 20, 0.00%, 0, 0, 3, 180.65, 271289, 315
1352, 0, 379, 398, 168, 20, 0.00%, 0, 0, 3, 176.39, 272204, 315
1357, 0, 379, 398, 168, 20, 0.00%, 0, 0, 3, 178.76, 273128, 315
1362, 0, 379, 398, 168, 20, 0.00%, 0, 0, 3, 177.80, 274052, 315
1367, 0, 379, 398, 168, 20, 0.00%, 0, 0, 3, 168.91, 274898, 315
1372, 0, 390, 398, 167, 21, 0.00%, 0, 0, 3, 175.56, 275815, 315
1377, 0, 390, 398, 167, 21, 0.00%, 0, 0, 3, 175.84, 276691, 315
1383, 0, 390, 398, 167, 21, 0.00%, 0, 0, 3, 177.09, 277615, 315
1388, 0, 390, 398, 167, 21, 0.00%, 0, 0, 3, 177.03, 278506, 315
1393, 0, 390, 398, 167, 21, 0.00%, 0, 0, 3, 179.01, 279436, 315
1398, 0, 390, 398, 167, 21, 0.00%, 0, 0, 3, 178.56, 280366, 315
1403, 0, 390, 398, 167, 21, 0.00%, 0, 0, 3, 174.56, 281266, 315
1408, 0, 390, 398, 167, 21, 0.00%, 0, 0, 3, 169.44, 282112, 315
1413, 0, 390, 398, 167, 21, 0.00%, 0, 0, 3, 177.10, 283036, 315
1418, 0, 390, 398, 167, 21, 0.00%, 0, 0, 3, 178.23, 283957, 315
1424, 0, 390, 398, 167, 21, 0.00%, 0, 0, 3, 178.68, 284875, 315
1429, 0, 390, 398, 167, 21, 0.00%, 0, 0, 3, 175.09, 285757, 315
1434, 0, 390, 398, 167, 21, 0.00%, 0, 0, 3, 165.17, 286570, 315
1439, 0, 390, 399, 168, 21, 0.00%, 0, 0, 4, 174.14, 287484, 315
1444, 0, 390, 399, 168, 21, 0.00%, 0, 0, 4, 178.25, 288414, 315
1449, 0, 390, 399, 168, 21, 0.00%, 0, 0, 4, 172.78, 289284, 315
1454, 0, 390, 399, 168, 21, 0.00%, 0, 0, 4, 150.55, 289947, 315
1459, 0, 390, 399, 168, 21, 0.00%, 0, 0, 4, 159.98, 290754, 315
1464, 0, 390, 399, 168, 21, 0.00%, 0, 0, 4, 169.03, 291642, 315
1469, 0, 390, 399, 168, 21, 0.00%, 0, 0, 4, 158.48, 292440, 315
1475, 0, 390, 399, 168, 21, 0.00%, 0, 0, 4, 171.11, 293334, 315
1480, 0, 390, 399, 168, 21, 0.00%, 0, 0, 4, 7.58, 293938, 315
1485, 0, 390, 399, 168, 21, 0.00%, 0, 0, 4, 153.59, 294639, 315
1490, 0, 390, 399, 168, 21, 0.00%, 0, 0, 4, 166.05, 295494, 315
1495, 0, 390, 399, 168, 21, 0.00%, 0, 0, 4, 167.06, 296344, 315
1500, 0, 390, 399, 168, 21, 0.00%, 0, 0, 4, 175.17, 297151, 315
1505, 0, 390, 399, 168, 21, 0.00%, 0, 0, 4, 173.83, 298051, 315
1510, 0, 390, 399, 168, 21, 0.00%, 0, 0, 4, 168.24, 298891, 315
1515, 0, 390, 399, 168, 21, 0.00%, 0, 0, 4, 171.25, 299773, 315
1521, 0, 390, 399, 168, 21, 0.00%, 0, 0, 4, 176.95, 300661, 315
1526, 0, 390, 399, 168, 21, 0.00%, 0, 0, 4, 162.22, 301457, 315
1531, 0, 390, 399, 168, 21, 0.00%, 0, 0, 4, 168.81, 302231, 315
1536, 0, 390, 399, 168, 21, 0.00%, 0, 0, 4, 175.33, 303131, 315
1541, 0, 390, 399, 168, 21, 0.00%, 0, 0, 4, 178.25, 304028, 315
1546, 0, 390, 399, 168, 21, 0.00%, 0, 0, 4, 178.10, 304949, 315
1551, 0, 390, 399, 168, 21, 0.00%, 0, 0, 4, 175.60, 305861, 315
1556, 0, 390, 399, 168, 21, 0.00%, 0, 0, 4, 177.43, 306782, 315
1561, 0, 390, 399, 168, 21, 0.00%, 0, 0, 4, 176.05, 307658, 315
1567, 0, 394, 399, 167, 20, 0.00%, 0, 0, 4, 178.25, 308585, 315
1572, 0, 394, 399, 167, 20, 0.00%, 0, 0, 4, 175.63, 309461, 315
1577, 0, 394, 399, 167, 20, 0.00%, 0, 0, 4, 166.04, 310292, 315
1582, 0, 394, 399, 167, 20, 0.00%, 0, 0, 4, 172.33, 311162, 315
1587, 0, 394, 399, 167, 20, 0.00%, 0, 0, 4, 171.12, 312053, 315
1592, 0, 394, 399, 167, 20, 0.00%, 0, 0, 4, 172.82, 312932, 315
1597, 0, 394, 399, 167, 20, 0.00%, 0, 0, 4, 172.53, 313796, 315
1602, 0, 394, 399, 167, 20, 0.00%, 0, 0, 4, 172.95, 314660, 315
1607, 0, 394, 399, 167, 20, 0.00%, 0, 0, 4, 175.77, 315539, 315
1612, 0, 394, 399, 167, 20, 0.00%, 0, 0, 4, 175.45, 316451, 315
1618, 0, 394, 399, 167, 20, 0.00%, 0, 0, 4, 172.73, 317342, 315
1623, 0, 394, 399, 167, 20, 0.00%, 0, 0, 4, 173.24, 318245, 315
1628, 0, 394, 399, 167, 20, 0.00%, 0, 0, 4, 173.44, 319109, 315
1633, 0, 394, 400, 168, 20, 0.00%, 0, 0, 4, 178.02, 320038, 316
1638, 0, 394, 400, 168, 20, 0.00%, 0, 0, 4, 178.11, 320968, 316
1643, 0, 394, 400, 168, 20, 0.00%, 0, 0, 4, 178.27, 321883, 316
1648, 0, 394, 400, 168, 20, 0.00%, 0, 0, 4, 179.74, 322825, 316
1654, 0, 394, 400, 168, 20, 0.00%, 0, 0, 4, 179.47, 323746, 316
1659, 0, 394, 400, 168, 20, 0.00%, 0, 0, 4, 176.59, 324655, 316
1664, 0, 394, 400, 168, 20, 0.00%, 0, 0, 4, 177.37, 325570, 316
1669, 0, 394, 400, 168, 20, 0.00%, 0, 0, 4, 170.60, 326443, 316
1674, 0, 394, 400, 168, 20, 0.00%, 0, 0, 4, 173.73, 327322, 316
1679, 0, 394, 400, 168, 20, 0.00%, 0, 0, 4, 174.89, 328237, 316
1684, 0, 394, 400, 168, 20, 0.00%, 0, 0, 4, 172.24, 329107, 316
1690, 0, 394, 400, 168, 20, 0.00%, 0, 0, 4, 167.86, 329959, 316
1695, 0, 394, 400, 168, 20, 0.00%, 0, 0, 4, 176.61, 330898, 316
1700, 0, 394, 400, 168, 20, 0.00%, 0, 0, 4, 178.71, 331834, 316
1705, 0, 394, 400, 168, 20, 0.00%, 0, 0, 4, 175.56, 332743, 316
1710, 0, 394, 400, 168, 20, 0.00%, 0, 0, 4, 172.91, 333613, 316
1715, 0, 394, 400, 168, 20, 0.00%, 0, 0, 4, 175.80, 334525, 316
1721, 0, 394, 400, 168, 20, 0.00%, 0, 0, 4, 175.12, 335431, 316
1726, 0, 394, 400, 168, 20, 0.00%, 0, 0, 4, 172.99, 336331, 316
1731, 0, 394, 400, 168, 20, 0.00%, 0, 0, 4, 176.41, 337249, 316
1736, 0, 394, 400, 168, 20, 0.00%, 0, 0, 4, 171.36, 338125, 316
1741, 0, 394, 400, 168, 20, 0.00%, 0, 0, 4, 174.70, 339031, 316
1747, 0, 394, 400, 168, 20, 0.00%, 0, 0, 4, 172.49, 339934, 316
1752, 0, 393, 402, 169, 20, 0.00%, 0, 0, 4, 167.81, 340794, 317
1757, 0, 393, 402, 169, 20, 0.00%, 0, 0, 4, 175.96, 341712, 317
1762, 0, 393, 402, 169, 20, 0.00%, 0, 0, 4, 176.88, 342636, 317
1767, 0, 393, 402, 169, 20, 0.00%, 0, 0, 4, 171.88, 343488, 317
1772, 0, 393, 402, 169, 20, 0.00%, 0, 0, 4, 162.81, 344280, 317
1777, 0, 393, 402, 169, 20, 0.00%, 0, 0, 4, 170.02, 345138, 317
1783, 0, 393, 402, 169, 20, 0.00%, 0, 0, 4, 174.81, 346047, 317
1788, 0, 393, 402, 169, 20, 0.00%, 0, 0, 4, 169.46, 346890, 317
1793, 0, 393, 402, 169, 20, 0.00%, 0, 0, 4, 171.76, 347751, 317
1798, 0, 393, 402, 169, 20, 0.00%, 0, 0, 4, 167.61, 348591, 317
1803, 0, 393, 402, 169, 20, 0.00%, 0, 0, 4, 172.39, 349491, 317
1808, 0, 393, 402, 169, 20, 0.00%, 0, 0, 4, 173.77, 350355, 317
1813, 0, 393, 402, 169, 20, 0.00%, 0, 0, 4, 176.37, 351246, 317
1818, 0, 393, 402, 169, 20, 0.00%, 0, 0, 4, 177.15, 352125, 317
1823, 0, 393, 402, 169, 20, 0.00%, 0, 0, 4, 167.36, 352980, 317
1828, 0, 393, 402, 169, 20, 0.00%, 0, 0, 4, 166.01, 353799, 317
1833, 0, 393, 402, 169, 20, 0.00%, 0, 0, 4, 175.22, 354684, 317
1838, 0, 393, 402, 169, 20, 0.00%, 0, 0, 4, 177.34, 355575, 317
1843, 0, 393, 402, 169, 20, 0.00%, 0, 0, 4, 175.67, 356484, 317
1848, 0, 393, 402, 169, 20, 0.00%, 0, 0, 4, 178.17, 357381, 317
1853, 0, 393, 402, 169, 20, 0.00%, 0, 0, 4, 175.06, 358251, 317
1858, 0, 393, 402, 169, 20, 0.00%, 0, 0, 4, 177.77, 359169, 317
1864, 0, 393, 402, 169, 20, 0.00%, 0, 0, 4, 172.24, 360054, 317
1869, 0, 393, 402, 169, 20, 0.00%, 0, 0, 4, 171.32, 360924, 317
1874, 0, 393, 402, 169, 20, 0.00%, 0, 0, 4, 163.30, 361683, 317
1879, 0, 393, 402, 169, 20, 0.00%, 0, 0, 4, 168.53, 362517, 317
1884, 0, 393, 402, 169, 20, 0.00%, 0, 0, 4, 172.35, 363375, 317
1889, 0, 393, 402, 169, 20, 0.00%, 0, 0, 4, 176.77, 364293, 317
1894, 0, 393, 402, 169, 20, 0.00%, 0, 0, 4, 175.34, 365196, 317
1899, 0, 393, 402, 169, 20, 0.00%, 0, 0, 4, 176.71, 366120, 317
1905, 0, 393, 402, 169, 20, 0.00%, 0, 0, 4, 175.58, 367026, 317
1910, 0, 393, 402, 169, 20, 0.00%, 0, 0, 4, 175.70, 367938, 317
1915, 0, 393, 402, 169, 20, 0.00%, 0, 0, 4, 172.94, 368805, 317
1920, 0, 393, 402, 169, 20, 0.00%, 0, 0, 4, 176.19, 369693, 317
1925, 0, 393, 402, 169, 20, 0.00%, 0, 0, 4, 174.71, 370566, 317
1930, 0, 393, 402, 169, 20, 0.00%, 0, 0, 4, 176.64, 371493, 317
1935, 0, 393, 402, 169, 20, 0.00%, 0, 0, 4, 178.17, 372342, 317
1940, 0, 393, 402, 169, 20, 0.00%, 0, 0, 4, 175.05, 373257, 317
1945, 0, 367, 402, 168, 20, 0.00%, 0, 0, 4, 257.07, 374641, 317
1950, 0, 367, 402, 168, 20, 0.00%, 0, 0, 4, 277.84, 376061, 317
1956, 0, 367, 402, 168, 20, 0.00%, 0, 0, 4, 281.64, 377491, 317
1961, 0, 367, 402, 168, 20, 0.00%, 0, 0, 4, 285.69, 378931, 317
1966, 0, 367, 402, 168, 20, 0.00%, 0, 0, 4, 281.80, 380356, 317
1971, 0, 399, 402, 167, 19, 0.00%, 0, 0, 4, 258.93, 381671, 317
1976, 0, 399, 402, 167, 19, 0.00%, 0, 0, 4, 188.26, 382531, 317
1981, 0, 399, 402, 167, 19, 0.00%, 0, 0, 4, 157.83, 383303, 317
1986, 0, 399, 402, 167, 19, 0.00%, 0, 0, 4, 170.19, 384173, 317
1991, 0, 399, 402, 167, 19, 0.00%, 0, 0, 4, 170.04, 385052, 317
1996, 0, 399, 402, 167, 19, 0.00%, 0, 0, 4, 95.79, 385678, 317
2001, 0, 399, 402, 167, 19, 0.00%, 0, 0, 4, 156.78, 386543, 317
2006, 0, 399, 402, 167, 19, 0.00%, 0, 0, 4, 174.95, 387482, 317
2011, 0, 399, 402, 167, 19, 0.00%, 0, 0, 4, 173.81, 388364, 317
2016, 0, 399, 402, 167, 19, 0.00%, 0, 0, 4, 165.87, 389183, 317
2022, 0, 399, 402, 167, 19, 0.00%, 0, 0, 4, 176.90, 390116, 317
2027, 0, 399, 402, 167, 19, 0.00%, 0, 0, 4, 178.92, 391013, 317
2032, 0, 399, 402, 167, 19, 0.00%, 0, 0, 4, 168.15, 391856, 317
2037, 0, 399, 402, 167, 19, 0.00%, 0, 0, 4, 174.73, 392741, 317
2042, 0, 399, 402, 167, 19, 0.00%, 0, 0, 4, 177.14, 393641, 317
2047, 0, 399, 402, 167, 19, 0.00%, 0, 0, 4, 181.03, 394586, 317
2052, 0, 399, 402, 167, 19, 0.00%, 0, 0, 4, 180.96, 395525, 317
2058, 0, 399, 402, 167, 19, 0.00%, 0, 0, 4, 181.76, 396476, 317
2063, 0, 399, 402, 167, 19, 0.00%, 0, 0, 4, 179.85, 397403, 317
2068, 0, 399, 402, 167, 19, 0.00%, 0, 0, 4, 180.97, 398315, 317
2073, 0, 399, 402, 167, 19, 0.00%, 0, 0, 4, 187.06, 399296, 317
2078, 0, 399, 402, 167, 19, 0.00%, 0, 0, 4, 191.18, 400286, 317
2083, 0, 399, 402, 167, 19, 0.00%, 0, 0, 4, 190.13, 401249, 317
2088, 0, 399, 402, 167, 19, 0.00%, 0, 0, 4, 194.47, 402221, 317
2094, 0, 399, 402, 167, 19, 0.00%, 0, 0, 4, 192.86, 403214, 317
2099, 0, 399, 402, 167, 19, 0.00%, 0, 0, 4, 190.58, 404189, 317
2104, 0, 399, 402, 167, 19, 0.00%, 0, 0, 4, 192.75, 405191, 317
2109, 0, 399, 402, 167, 19, 0.00%, 0, 0, 4, 191.91, 406196, 317
2114, 0, 399, 402, 167, 19, 0.00%, 0, 0, 4, 170.54, 407015, 317
2119, 0, 399, 402, 167, 19, 0.00%, 0, 0, 4, 173.08, 407909, 317
2124, 0, 399, 402, 167, 19, 0.00%, 0, 0, 4, 175.78, 408821, 317
2130, 0, 399, 402, 167, 19, 0.00%, 0, 0, 4, 179.32, 409751, 317
2135, 0, 399, 402, 167, 19, 0.00%, 0, 0, 4, 183.02, 410693, 317
2140, 0, 399, 402, 167, 19, 0.00%, 0, 0, 4, 189.99, 411686, 317
2145, 0, 399, 402, 167, 19, 0.00%, 0, 0, 4, 185.23, 412640, 317
2150, 0, 399, 402, 167, 19, 0.00%, 0, 0, 4, 189.29, 413630, 317
2156, 0, 309, 404, 168, 18, 0.00%, 0, 0, 4, 188.81, 414607, 317
2161, 0, 309, 405, 169, 18, 0.00%, 0, 0, 4, 192.04, 415608, 317
2166, 0, 309, 405, 169, 18, 0.00%, 0, 0, 4, 192.27, 416517, 317
2171, 0, 309, 405, 169, 18, 0.00%, 0, 0, 4, 195.21, 417531, 317
2176, 0, 309, 405, 169, 18, 0.00%, 0, 0, 4, 195.35, 418542, 317
2181, 0, 309, 405, 169, 18, 0.00%, 0, 0, 4, 187.21, 419391, 317
2186, 0, 309, 405, 169, 18, 0.00%, 0, 0, 4, 196.95, 420423, 317
2192, 0, 309, 405, 169, 18, 0.00%, 0, 0, 4, 197.19, 421440, 317
2197, 0, 309, 405, 169, 18, 0.00%, 0, 0, 4, 29.56, 422376, 317
2202, 0, 309, 405, 169, 18, 0.00%, 0, 0, 4, 191.86, 423342, 317
2207, 0, 309, 405, 169, 18, 0.00%, 0, 0, 4, 196.08, 424365, 317
2212, 0, 309, 405, 169, 18, 0.00%, 0, 0, 4, 195.80, 425340, 317
2217, 0, 309, 405, 169, 18, 0.00%, 0, 0, 4, 195.23, 426312, 317
2222, 0, 309, 405, 169, 18, 0.00%, 0, 0, 4, 195.98, 427329, 317
2227, 0, 309, 405, 169, 18, 0.00%, 0, 0, 4, 196.63, 428316, 317
2232, 0, 309, 405, 169, 18, 0.00%, 0, 0, 4, 195.51, 429300, 317
2237, 0, 309, 405, 169, 18, 0.00%, 0, 0, 4, 194.49, 430314, 317
2242, 0, 309, 405, 169, 18, 0.00%, 0, 0, 4, 186.83, 431223, 317
2248, 0, 309, 405, 169, 18, 0.00%, 0, 0, 4, 186.63, 432195, 317
2253, 0, 309, 405, 169, 18, 0.00%, 0, 0, 4, 189.43, 433179, 317
2258, 0, 309, 405, 169, 18, 0.00%, 0, 0, 4, 193.74, 434181, 317
2263, 0, 309, 405, 169, 18, 0.00%, 0, 0, 4, 194.13, 435189, 317
2268, 0, 309, 405, 169, 18, 0.00%, 0, 0, 4, 193.06, 436185, 317
2273, 0, 309, 405, 169, 18, 0.00%, 0, 0, 4, 199.52, 437208, 317
2279, 0, 309, 405, 169, 18, 0.00%, 0, 0, 4, 198.42, 438234, 317
2284, 0, 309, 405, 169, 18, 0.00%, 0, 0, 4, 197.09, 439251, 317
2289, 0, 309, 405, 169, 18, 0.00%, 0, 0, 4, 196.61, 440265, 317
2294, 0, 309, 405, 169, 18, 0.00%, 0, 0, 4, 188.93, 441198, 317
2299, 0, 309, 405, 169, 18, 0.00%, 0, 0, 4, 186.44, 442164, 317
2304, 0, 309, 405, 169, 18, 0.00%, 0, 0, 4, 191.08, 443133, 317
2309, 0, 309, 405, 169, 18, 0.00%, 0, 0, 4, 189.95, 444120, 317
2315, 0, 309, 405, 169, 18, 0.00%, 0, 0, 4, 190.18, 445110, 317
2320, 0, 309, 405, 169, 18, 0.00%, 0, 0, 4, 185.26, 446040, 317
2325, 0, 309, 405, 169, 18, 0.00%, 0, 0, 4, 190.96, 447030, 317
2330, 0, 396, 405, 168, 18, 0.00%, 0, 0, 4, 186.33, 447989, 317
2335, 0, 396, 405, 168, 18, 0.00%, 0, 0, 4, 189.55, 448985, 317
2340, 0, 396, 405, 168, 18, 0.00%, 0, 0, 4, 187.23, 449930, 317
2346, 0, 396, 405, 168, 18, 0.00%, 0, 0, 4, 186.47, 450902, 317
2351, 0, 396, 405, 168, 18, 0.00%, 0, 0, 4, 190.76, 451862, 317
2356, 0, 396, 405, 168, 18, 0.00%, 0, 0, 4, 193.69, 452837, 317
2361, 0, 396, 405, 168, 18, 0.00%, 0, 0, 4, 189.76, 453824, 317
2366, 0, 396, 405, 168, 18, 0.00%, 0, 0, 4, 190.07, 454781, 317
2371, 0, 396, 405, 168, 18, 0.00%, 0, 0, 4, 193.10, 455783, 317
2376, 0, 396, 405, 168, 18, 0.00%, 0, 0, 4, 190.73, 456776, 317
2381, 0, 396, 405, 168, 18, 0.00%, 0, 0, 4, 184.23, 457697, 317
2386, 0, 396, 405, 168, 18, 0.00%, 0, 0, 4, 186.04, 458663, 317
2392, 0, 396, 405, 168, 18, 0.00%, 0, 0, 4, 190.30, 459662, 317
2397, 0, 396, 405, 168, 18, 0.00%, 0, 0, 4, 194.13, 460664, 317
2402, 0, 396, 405, 168, 18, 0.00%, 0, 0, 4, 190.84, 461621, 317
2407, 0, 396, 405, 168, 18, 0.00%, 0, 0, 4, 188.34, 462599, 317
2412, 0, 396, 405, 168, 18, 0.00%, 0, 0, 4, 184.77, 463544, 317
2417, 0, 396, 405, 168, 18, 0.00%, 0, 0, 4, 189.27, 464522, 317
2422, 0, 396, 405, 168, 18, 0.00%, 0, 0, 4, 25.32, 465479, 317
2428, 0, 396, 406, 169, 18, 0.00%, 0, 0, 4, 181.85, 466369, 321
2433, 0, 396, 406, 169, 18, 0.00%, 0, 0, 4, 185.53, 467326, 321
2438, 0, 396, 406, 169, 18, 0.00%, 0, 0, 4, 185.28, 468280, 321
2443, 0, 396, 406, 169, 18, 0.00%, 0, 0, 4, 185.50, 469246, 321
2448, 0, 396, 406, 169, 18, 0.00%, 0, 0, 4, 184.80, 470203, 321
2454, 0, 396, 406, 169, 18, 0.00%, 0, 0, 4, 187.79, 471181, 321
2459, 0, 396, 406, 169, 18, 0.00%, 0, 0, 4, 186.31, 472141, 321
2464, 0, 396, 406, 169, 18, 0.00%, 0, 0, 4, 187.28, 473077, 321
2469, 0, 396, 406, 169, 18, 0.00%, 0, 0, 4, 187.68, 474013, 321
2474, 0, 396, 406, 169, 18, 0.00%, 0, 0, 4, 189.66, 474964, 321
2479, 0, 396, 406, 169, 18, 0.00%, 0, 0, 4, 189.59, 475945, 321
2484, 0, 396, 406, 169, 18, 0.00%, 0, 0, 4, 189.46, 476893, 321
2489, 0, 396, 406, 169, 18, 0.00%, 0, 0, 4, 181.64, 477844, 321
2494, 0, 396, 406, 169, 18, 0.00%, 0, 0, 4, 176.23, 478724, 321
2500, 0, 396, 406, 169, 18, 0.00%, 0, 0, 4, 184.40, 479702, 321
2505, 0, 404, 406, 168, 17, 0.00%, 0, 0, 4, 189.43, 480684, 321
2510, 0, 404, 406, 168, 17, 0.00%, 0, 0, 4, 188.66, 481626, 321
2515, 0, 404, 406, 168, 17, 0.00%, 0, 0, 4, 187.70, 482571, 321
2520, 0, 404, 406, 168, 17, 0.00%, 0, 0, 4, 175.03, 483426, 321
2525, 0, 404, 406, 168, 17, 0.00%, 0, 0, 4, 183.49, 484347, 321
2530, 0, 404, 406, 168, 17, 0.00%, 0, 0, 4, 188.26, 485331, 321
2535, 0, 404, 406, 168, 17, 0.00%, 0, 0, 4, 188.11, 486282, 321
2540, 0, 404, 406, 168, 17, 0.00%, 0, 0, 4, 190.30, 487275, 321
2546, 0, 404, 406, 168, 17, 0.00%, 0, 0, 4, 189.46, 488262, 321
2551, 0, 404, 406, 168, 17, 0.00%, 0, 0, 4, 184.57, 489183, 321
2556, 0, 404, 406, 168, 17, 0.00%, 0, 0, 4, 189.46, 490161, 321
2561, 0, 404, 406, 168, 17, 0.00%, 0, 0, 4, 189.64, 491112, 321
2566, 0, 404, 406, 168, 17, 0.00%, 0, 0, 4, 191.00, 492108, 321
2571, 0, 404, 406, 168, 17, 0.00%, 0, 0, 4, 187.25, 493080, 321
2576, 0, 404, 406, 168, 17, 0.00%, 0, 0, 4, 189.45, 494031, 321
2581, 0, 404, 406, 168, 17, 0.00%, 0, 0, 4, 189.12, 495012, 321
2587, 0, 404, 406, 168, 17, 0.00%, 0, 0, 4, 175.44, 495879, 321
2592, 0, 404, 406, 168, 17, 0.00%, 0, 0, 4, 175.80, 496764, 321
2597, 0, 404, 406, 168, 17, 0.00%, 0, 0, 4, 184.95, 497703, 321
2602, 0, 404, 406, 168, 17, 0.00%, 0, 0, 4, 167.05, 498561, 321
2607, 0, 404, 406, 168, 17, 0.00%, 0, 0, 4, 179.62, 499443, 321
2612, 0, 404, 406, 168, 17, 0.00%, 0, 0, 4, 179.03, 500346, 321
2617, 0, 404, 406, 168, 17, 0.00%, 0, 0, 4, 181.00, 501267, 321
2622, 0, 404, 406, 168, 17, 0.00%, 0, 0, 4, 173.87, 502131, 321
2627, 0, 404, 406, 168, 17, 0.00%, 0, 0, 4, 178.86, 503037, 321
2632, 0, 404, 406, 168, 17, 0.00%, 0, 0, 4, 181.91, 503985, 321
2637, 0, 404, 406, 168, 17, 0.00%, 0, 0, 4, 188.38, 504960, 321
2642, 0, 404, 406, 168, 17, 0.00%, 0, 0, 4, 188.09, 505941, 321
2648, 0, 404, 406, 168, 17, 0.00%, 0, 0, 4, 186.65, 506916, 321
2653, 0, 404, 406, 168, 17, 0.00%, 0, 0, 4, 190.15, 507906, 321
2658, 0, 404, 406, 168, 17, 0.00%, 0, 0, 4, 185.62, 508812, 321
2663, 0, 404, 406, 168, 17, 0.00%, 0, 0, 4, 185.65, 509748, 321
2668, 0, 404, 406, 168, 17, 0.00%, 0, 0, 4, 190.41, 510738, 321
2673, 0, 404, 406, 168, 17, 0.00%, 0, 0, 4, 189.10, 511692, 321
2678, 0, 404, 406, 168, 17, 0.00%, 0, 0, 4, 182.03, 512607, 321
2683, 0, 373, 406, 167, 16, 0.00%, 0, 0, 4, 276.98, 513946, 321
2688, 0, 373, 406, 167, 16, 0.00%, 0, 0, 4, 318.65, 515660, 321
2694, 0, 373, 406, 167, 16, 0.00%, 0, 0, 4, 327.98, 517370, 321
2699, 0, 373, 406, 167, 16, 0.00%, 0, 0, 4, 332.37, 519044, 321
2704, 0, 373, 406, 167, 16, 0.00%, 0, 0, 4, 329.72, 520736, 321
2709, 0, 387, 406, 167, 16, 0.00%, 0, 0, 4, 257.50, 521971, 321
2714, 0, 387, 406, 167, 16, 0.00%, 0, 0, 4, 235.41, 523115, 321
2719, 0, 387, 406, 167, 16, 0.00%, 0, 0, 4, 228.73, 524283, 321
2724, 0, 387, 406, 167, 16, 0.00%, 0, 0, 4, 233.18, 525499, 321
2729, 0, 387, 406, 167, 16, 0.00%, 0, 0, 4, 210.22, 526583, 321
2734, 0, 387, 406, 167, 16, 0.00%, 0, 0, 4, 230.09, 527743, 321
2739, 0, 387, 406, 167, 16, 0.00%, 0, 0, 4, 235.53, 528927, 321
2744, 0, 387, 406, 167, 16, 0.00%, 0, 0, 4, 236.51, 530147, 321
2749, 0, 387, 406, 167, 16, 0.00%, 0, 0, 4, 226.32, 531291, 321
2754, 0, 387, 406, 167, 16, 0.00%, 0, 0, 4, 222.14, 532399, 321
2760, 0, 387, 406, 167, 16, 0.00%, 0, 0, 4, 205.86, 533359, 321
2765, 0, 387, 406, 167, 16, 0.00%, 0, 0, 4, 224.84, 534539, 321
2770, 0, 387, 406, 167, 16, 0.00%, 0, 0, 4, 224.35, 535675, 321
2775, 0, 387, 406, 167, 16, 0.00%, 0, 0, 4, 216.72, 536779, 321
2780, 0, 387, 406, 167, 16, 0.00%, 0, 0, 4, 227.15, 537911, 321
2785, 0, 387, 406, 167, 16, 0.00%, 0, 0, 4, 227.42, 539087, 321
2790, 0, 387, 406, 167, 16, 0.00%, 0, 0, 4, 14.98, 540159, 321
2795, 0, 387, 406, 167, 16, 0.00%, 0, 0, 4, 208.71, 541223, 321
2801, 0, 387, 406, 167, 16, 0.00%, 0, 0, 4, 200.37, 542192, 321
2806, 0, 387, 406, 167, 16, 0.00%, 0, 0, 4, 213.02, 543279, 321
2811, 0, 387, 406, 167, 16, 0.00%, 0, 0, 4, 210.66, 544331, 321
2816, 0, 387, 406, 167, 16, 0.00%, 0, 0, 4, 214.44, 545459, 321
2821, 0, 387, 406, 167, 16, 0.00%, 0, 0, 4, 212.93, 546567, 321
2826, 0, 387, 407, 168, 16, 0.00%, 0, 0, 4, 210.71, 547619, 321
2831, 0, 387, 407, 168, 16, 0.00%, 0, 0, 4, 212.56, 548703, 321
2836, 0, 387, 407, 168, 16, 0.00%, 0, 0, 4, 214.18, 549735, 321
2841, 0, 387, 407, 168, 16, 0.00%, 0, 0, 4, 215.79, 550827, 321
2846, 0, 387, 407, 168, 16, 0.00%, 0, 0, 4, 213.36, 551895, 321
2851, 0, 387, 407, 168, 16, 0.00%, 0, 0, 4, 203.56, 552875, 321
2856, 0, 387, 420, 180, 15, 0.00%, 0, 0, 4, 198.44, 553921, 334
2862, 0, 417, 420, 180, 18, 0.00%, 0, 0, 4, 279.70, 555472, 334
2867, 0, 417, 420, 180, 18, 0.00%, 0, 0, 4, 286.91, 556917, 334
2872, 0, 417, 420, 180, 18, 0.00%, 0, 0, 4, 289.38, 558427, 334
2877, 0, 417, 420, 180, 18, 0.00%, 0, 0, 4, 286.19, 559872, 334
2882, 0, 417, 420, 180, 18, 0.00%, 0, 0, 4, 289.33, 561377, 334
2887, 0, 415, 420, 179, 17, 0.00%, 0, 0, 4, 284.56, 562802, 334
2892, 0, 415, 420, 179, 17, 0.00%, 0, 0, 4, 287.77, 564247, 334
2897, 0, 415, 420, 179, 17, 0.00%, 0, 0, 4, 284.65, 565687, 334
2902, 0, 415, 420, 179, 17, 0.00%, 0, 0, 4, 286.51, 567132, 334
2907, 0, 415, 420, 179, 17, 0.00%, 0, 0, 4, 293.38, 568652, 334
2912, 0, 415, 420, 179, 17, 0.00%, 0, 0, 4, 289.72, 570102, 334
2917, 0, 412, 420, 178, 16, 0.00%, 0, 0, 4, 222.37, 571166, 334
2922, 0, 412, 420, 178, 16, 0.00%, 0, 0, 4, 202.69, 572162, 334
2928, 0, 412, 420, 178, 16, 0.00%, 0, 0, 4, 196.33, 573167, 334
2933, 0, 412, 420, 178, 16, 0.00%, 0, 0, 4, 195.46, 574139, 334
2938, 0, 412, 420, 178, 16, 0.00%, 0, 0, 4, 193.64, 575147, 334
2943, 0, 412, 420, 178, 16, 0.00%, 0, 0, 4, 198.80, 576137, 334
2948, 0, 412, 420, 178, 16, 0.00%, 0, 0, 4, 199.03, 577160, 334
2953, 0, 412, 420, 178, 16, 0.00%, 0, 0, 4, 199.44, 578192, 334
2958, 0, 412, 420, 178, 16, 0.00%, 0, 0, 4, 202.03, 579226, 334
2964, 0, 412, 421, 179, 16, 0.00%, 0, 0, 4, 193.73, 580195, 335
2969, 0, 412, 421, 179, 16, 0.00%, 0, 0, 4, 191.55, 581191, 335
2974, 0, 412, 421, 179, 16, 0.00%, 0, 0, 4, 198.63, 582175, 335
2979, 0, 412, 421, 179, 16, 0.00%, 0, 0, 4, 197.89, 583186, 335
2984, 0, 412, 421, 179, 16, 0.00%, 0, 0, 4, 192.92, 584182, 335
2989, 0, 412, 421, 179, 16, 0.00%, 0, 0, 4, 189.56, 585124, 335
2994, 0, 412, 421, 179, 16, 0.00%, 0, 0, 4, 193.15, 586135, 335
2999, 0, 412, 421, 179, 16, 0.00%, 0, 0, 4, 192.92, 587101, 335
3005, 0, 412, 421, 179, 16, 0.00%, 0, 0, 4, 196.93, 588121, 335
3010, 0, 412, 421, 179, 16, 0.00%, 0, 0, 4, 193.37, 589102, 335
3015, 0, 412, 421, 179, 16, 0.00%, 0, 0, 4, 193.53, 590074, 335
3020, 0, 412, 421, 179, 16, 0.00%, 0, 0, 4, 189.12, 591046, 335
3025, 0, 412, 421, 179, 16, 0.00%, 0, 0, 4, 191.17, 592003, 335
3030, 0, 412, 421, 179, 16, 0.00%, 0, 0, 4, 193.88, 593011, 335
3035, 0, 412, 421, 179, 16, 0.00%, 0, 0, 4, 192.17, 594007, 335
3040, 0, 412, 421, 179, 16, 0.00%, 0, 0, 4, 191.61, 595000, 335
3046, 0, 412, 421, 179, 16, 0.00%, 0, 0, 4, 196.62, 596029, 335
3051, 0, 412, 421, 179, 16, 0.00%, 0, 0, 4, 196.89, 597028, 335
3056, 0, 412, 421, 179, 16, 0.00%, 0, 0, 4, 200.28, 598066, 335
3061, 0, 412, 421, 179, 16, 0.00%, 0, 0, 4, 202.08, 599098, 335
3066, 0, 412, 421, 179, 16, 0.00%, 0, 0, 4, 199.25, 600088, 335
3071, 0, 412, 421, 179, 16, 0.00%, 0, 0, 4, 200.34, 601098, 335
3076, 0, 412, 421, 179, 16, 0.00%, 0, 0, 4, 189.71, 602068, 335
3081, 0, 412, 421, 179, 16, 0.00%, 0, 0, 4, 181.92, 602929, 335
3086, 0, 416, 421, 178, 15, 0.00%, 0, 0, 4, 262.91, 604327, 335
3091, 0, 416, 421, 178, 15, 0.00%, 0, 0, 4, 289.77, 605862, 335
3096, 0, 416, 421, 178, 15, 0.00%, 0, 0, 4, 294.21, 607377, 335
3102, 0, 416, 421, 178, 15, 0.00%, 0, 0, 4, 295.91, 608897, 335
3107, 0, 416, 421, 178, 15, 0.00%, 0, 0, 4, 295.35, 610432, 335
3112, 0, 376, 421, 177, 14, 0.00%, 0, 0, 4, 265.08, 611830, 335
3117, 0, 376, 421, 177, 14, 0.00%, 0, 0, 4, 233.32, 613002, 335
3122, 0, 376, 421, 177, 14, 0.00%, 0, 0, 4, 229.96, 614150, 335
3127, 0, 376, 421, 177, 14, 0.00%, 0, 0, 4, 228.02, 615222, 335
3132, 0, 376, 421, 177, 14, 0.00%, 0, 0, 4, 226.30, 616362, 335
3137, 0, 376, 421, 177, 14, 0.00%, 0, 0, 4, 230.27, 617554, 335
3142, 0, 376, 421, 177, 14, 0.00%, 0, 0, 4, 231.02, 618710, 335
3148, 0, 376, 421, 177, 14, 0.00%, 0, 0, 4, 220.60, 619830, 335
3153, 0, 376, 421, 177, 14, 0.00%, 0, 0, 4, 207.79, 620794, 335
3158, 0, 376, 421, 177, 14, 0.00%, 0, 0, 4, 230.36, 621962, 335
3163, 0, 376, 421, 177, 14, 0.00%, 0, 0, 4, 234.44, 623086, 335
3168, 0, 376, 421, 177, 14, 0.00%, 0, 0, 4, 229.26, 624170, 335
3173, 0, 376, 421, 177, 14, 0.00%, 0, 0, 4, 225.43, 625258, 335
3178, 0, 376, 421, 177, 14, 0.00%, 0, 0, 4, 229.93, 626466, 335
3183, 0, 376, 421, 177, 14, 0.00%, 0, 0, 4, 230.23, 627658, 335
3188, 0, 376, 421, 177, 14, 0.00%, 0, 0, 4, 235.50, 628878, 335
3193, 0, 376, 421, 177, 14, 0.00%, 0, 0, 4, 232.02, 630034, 335
3199, 0, 376, 421, 177, 14, 0.00%, 0, 0, 4, 234.82, 631246, 335
3204, 0, 376, 421, 177, 14, 0.00%, 0, 0, 4, 233.59, 632418, 335
3209, 0, 376, 421, 177, 14, 0.00%, 0, 0, 4, 225.27, 633582, 335
3214, 0, 376, 421, 177, 14, 0.00%, 0, 0, 4, 221.30, 634682, 335
3219, 0, 376, 421, 177, 14, 0.00%, 0, 0, 4, 233.89, 635906, 335
3224, 0, 407, 421, 176, 13, 0.00%, 0, 0, 4, 279.11, 637384, 335
3230, 0, 407, 421, 176, 13, 0.00%, 0, 0, 4, 289.58, 638904, 335
3235, 0, 407, 421, 176, 13, 0.00%, 0, 0, 4, 289.75, 640354, 335
3240, 0, 407, 421, 176, 13, 0.00%, 0, 0, 4, 288.38, 641854, 335
3245, 0, 407, 421, 176, 13, 0.00%, 0, 0, 4, 295.79, 643399, 335
3250, 0, 407, 421, 176, 13, 0.00%, 0, 0, 4, 297.36, 644914, 335
3255, 0, 407, 421, 176, 13, 0.00%, 0, 0, 4, 311.20, 646523, 335
3260, 0, 407, 421, 176, 13, 0.00%, 0, 0, 4, 333.17, 648191, 335
3265, 0, 407, 421, 176, 13, 0.00%, 0, 0, 4, 315.67, 649799, 335
3271, 0, 407, 421, 176, 13, 0.00%, 0, 0, 4, 297.88, 651334, 335
3276, 0, 407, 421, 176, 13, 0.00%, 0, 0, 4, 300.85, 652883, 335
3281, 0, 407, 421, 176, 13, 0.00%, 0, 0, 4, 293.68, 654399, 335
3286, 0, 407, 421, 176, 13, 0.00%, 0, 0, 4, 289.30, 655844, 335
3291, 0, 407, 421, 176, 13, 0.00%, 0, 0, 4, 290.75, 657354, 335
3296, 0, 407, 421, 176, 13, 0.00%, 0, 0, 4, 290.51, 658859, 335
3301, 0, 407, 421, 176, 13, 0.00%, 0, 0, 4, 289.85, 660364, 335
3307, 0, 383, 421, 175, 12, 0.00%, 0, 0, 4, 209.11, 661349, 335
3312, 0, 383, 421, 175, 12, 0.00%, 0, 0, 4, 185.24, 662258, 335
3317, 0, 383, 421, 175, 12, 0.00%, 0, 0, 4, 181.07, 663158, 335
3322, 0, 383, 421, 175, 12, 0.00%, 0, 0, 4, 176.94, 664073, 335
3327, 0, 383, 421, 175, 12, 0.00%, 0, 0, 4, 170.88, 664922, 335
3332, 0, 383, 421, 175, 12, 0.00%, 0, 0, 4, 177.65, 665855, 335
3337, 0, 383, 421, 175, 12, 0.00%, 0, 0, 4, 185.44, 666821, 335
3342, 0, 383, 421, 175, 12, 0.00%, 0, 0, 4, 183.64, 667772, 335
3348, 0, 383, 421, 175, 12, 0.00%, 0, 0, 4, 180.69, 668711, 335
3353, 0, 383, 421, 175, 12, 0.00%, 0, 0, 4, 182.52, 669656, 335
3358, 0, 383, 421, 175, 12, 0.00%, 0, 0, 4, 177.80, 670544, 335
3363, 0, 383, 421, 175, 12, 0.00%, 0, 0, 4, 177.88, 671459, 335
3368, 0, 383, 421, 175, 12, 0.00%, 0, 0, 4, 180.37, 672392, 335
3373, 0, 383, 421, 175, 12, 0.00%, 0, 0, 4, 183.11, 673343, 335
3379, 0, 383, 421, 175, 12, 0.00%, 0, 0, 4, 184.09, 674291, 335
3384, 0, 383, 421, 175, 12, 0.00%, 0, 0, 4, 175.34, 675188, 335
3389, 0, 383, 421, 175, 12, 0.00%, 0, 0, 4, 180.03, 676094, 335
3394, 0, 383, 421, 175, 12, 0.00%, 0, 0, 4, 183.95, 677048, 335
3399, 0, 383, 421, 175, 12, 0.00%, 0, 0, 4, 184.39, 678008, 335
3404, 0, 383, 421, 175, 12, 0.00%, 0, 0, 4, 180.87, 678950, 335
3409, 0, 383, 421, 175, 12, 0.00%, 0, 0, 4, 181.51, 679862, 335
3415, 0, 383, 421, 175, 12, 0.00%, 0, 0, 4, 31.11, 680723, 335
3420, 0, 383, 421, 175, 12, 0.00%, 0, 0, 4, 139.26, 681511, 335
3425, 0, 383, 421, 175, 12, 0.00%, 0, 0, 4, 171.38, 682415, 335
3430, 0, 383, 421, 175, 12, 0.00%, 0, 0, 4, 179.23, 683333, 335
3435, 0, 383, 421, 175, 12, 0.00%, 0, 0, 4, 177.93, 684227, 335
3440, 0, 383, 421, 175, 12, 0.00%, 0, 0, 4, 180.70, 685169, 335
3445, 0, 383, 421, 175, 12, 0.00%, 0, 0, 4, 178.88, 686072, 335
3450, 0, 383, 421, 175, 12, 0.00%, 0, 0, 4, 183.16, 686996, 335
3455, 0, 383, 421, 175, 12, 0.00%, 0, 0, 4, 171.56, 687836, 335
3460, 0, 383, 421, 175, 12, 0.00%, 0, 0, 4, 177.54, 688757, 335
3466, 0, 383, 421, 175, 12, 0.00%, 0, 0, 4, 182.33, 689708, 335
3471, 0, 383, 421, 175, 12, 0.00%, 0, 0, 4, 179.49, 690611, 335
3476, 0, 383, 421, 175, 12, 0.00%, 0, 0, 4, 185.60, 691553, 335
3481, 0, 383, 421, 175, 12, 0.00%, 0, 0, 4, 184.45, 692516, 335
3486, 0, 382, 421, 174, 11, 0.00%, 0, 0, 4, 180.57, 693451, 335
3491, 0, 382, 421, 174, 11, 0.00%, 0, 0, 4, 170.51, 694312, 335
3496, 0, 382, 421, 174, 11, 0.00%, 0, 0, 4, 172.11, 695206, 335
3501, 0, 382, 421, 174, 11, 0.00%, 0, 0, 4, 174.39, 696118, 335
3506, 0, 382, 421, 174, 11, 0.00%, 0, 0, 4, 175.19, 696991, 335
3512, 0, 382, 421, 174, 11, 0.00%, 0, 0, 4, 175.33, 697900, 335
3517, 0, 382, 421, 174, 11, 0.00%, 0, 0, 4, 167.50, 698770, 335
3522, 0, 382, 421, 174, 11, 0.00%, 0, 0, 4, 175.04, 699682, 335
3527, 0, 382, 421, 174, 11, 0.00%, 0, 0, 4, 179.03, 700618, 335
3532, 0, 382, 421, 174, 11, 0.00%, 0, 0, 4, 177.00, 701542, 335
3537, 0, 382, 421, 174, 11, 0.00%, 0, 0, 4, 178.75, 702439, 335
3542, 0, 382, 421, 174, 11, 0.00%, 0, 0, 4, 179.31, 703333, 335
3548, 0, 382, 421, 174, 11, 0.00%, 0, 0, 4, 164.18, 704173, 335
3553, 0, 382, 421, 174, 11, 0.00%, 0, 0, 4, 178.78, 705022, 335
3558, 0, 382, 421, 174, 11, 0.00%, 0, 0, 4, 177.85, 705913, 335
3563, 0, 382, 421, 174, 11, 0.00%, 0, 0, 4, 175.45, 706822, 335
3568, 0, 382, 421, 174, 11, 0.00%, 0, 0, 4, 168.55, 707689, 335
3573, 0, 382, 421, 174, 11, 0.00%, 0, 0, 4, 154.73, 708460, 335
3578, 0, 382, 421, 174, 11, 0.00%, 0, 0, 4, 167.84, 709303, 335
3583, 0, 382, 421, 174, 11, 0.00%, 0, 0, 4, 174.07, 710179, 335
3588, 0, 382, 421, 174, 11, 0.00%, 0, 0, 4, 179.42, 711115, 335
3594, 0, 382, 421, 174, 11, 0.00%, 0, 0, 4, 179.32, 712039, 335
3599, 0, 382, 421, 174, 11, 0.00%, 0, 0, 4, 179.27, 712966, 335
3604, 0, 382, 421, 174, 11, 0.00%, 0, 0, 4, 179.88, 713893, 335
3609, 0, 382, 421, 174, 11, 0.00%, 0, 0, 4, 177.45, 714775, 335
3614, 0, 382, 421, 174, 11, 0.00%, 0, 0, 4, 178.65, 715702, 335
3619, 0, 382, 421, 174, 11, 0.00%, 0, 0, 4, 178.76, 716626, 335
3625, 0, 382, 421, 174, 11, 0.00%, 0, 0, 4, 160.65, 717484, 335
3630, 0, 382, 421, 174, 11, 0.00%, 0, 0, 4, 155.56, 718276, 335
3635, 0, 382, 421, 174, 11, 0.00%, 0, 0, 4, 171.16, 719185, 335
3640, 0, 382, 421, 174, 11, 0.00%, 0, 0, 4, 177.14, 720109, 335
3645, 0, 382, 421, 174, 11, 0.00%, 0, 0, 4, 175.54, 720988, 335
3650, 0, 382, 421, 174, 11, 0.00%, 0, 0, 4, 175.26, 721873, 335
3655, 0, 382, 421, 174, 11, 0.00%, 0, 0, 4, 172.08, 722746, 335
3660, 0, 382, 421, 174, 11, 0.00%, 0, 0, 4, 176.68, 723667, 335
3666, 0, 382, 421, 174, 11, 0.00%, 0, 0, 4, 178.16, 724594, 335
3671, 0, 382, 421, 174, 11, 0.00%, 0, 0, 4, 179.15, 725524, 335
3676, 0, 419, 421, 173, 10, 0.00%, 0, 0, 4, 178.21, 726385, 335
3681, 0, 419, 421, 173, 10, 0.00%, 0, 0, 4, 197.02, 727432, 335
3686, 0, 419, 421, 173, 10, 0.00%, 0, 0, 4, 207.96, 728480, 335
3691, 0, 419, 421, 173, 10, 0.00%, 0, 0, 4, 199.32, 729478, 335
3696, 0, 419, 421, 173, 10, 0.00%, 0, 0, 4, 192.68, 730489, 335
3701, 0, 419, 421, 173, 10, 0.00%, 0, 0, 4, 195.51, 731509, 335
3707, 0, 419, 421, 173, 10, 0.00%, 0, 0, 4, 196.65, 732526, 335
3712, 0, 419, 421, 173, 10, 0.00%, 0, 0, 4, 196.17, 733549, 335
3717, 0, 419, 421, 173, 10, 0.00%, 0, 0, 4, 196.51, 734572, 335
3722, 0, 419, 421, 173, 10, 0.00%, 0, 0, 4, 200.56, 735580, 335
3727, 0, 419, 421, 173, 10, 0.00%, 0, 0, 4, 198.81, 736603, 335
3732, 0, 419, 421, 173, 10, 0.00%, 0, 0, 4, 197.49, 737590, 335
3737, 0, 419, 421, 173, 10, 0.00%, 0, 0, 4, 194.82, 738559, 335
3742, 0, 419, 421, 173, 10, 0.00%, 0, 0, 4, 195.79, 739570, 335
3747, 0, 419, 421, 173, 10, 0.00%, 0, 0, 4, 196.79, 740557, 335
3752, 0, 419, 421, 173, 10, 0.00%, 0, 0, 4, 197.72, 741550, 335
3758, 0, 419, 421, 173, 10, 0.00%, 0, 0, 4, 197.20, 742564, 335
3763, 0, 419, 421, 173, 10, 0.00%, 0, 0, 4, 195.74, 743536, 335
3768, 0, 419, 421, 173, 10, 0.00%, 0, 0, 4, 172.50, 744328, 335
3773, 0, 419, 421, 173, 10, 0.00%, 0, 0, 4, 196.79, 745184, 335
3778, 0, 419, 421, 173, 10, 0.00%, 0, 0, 4, 197.20, 746206, 335
3783, 0, 419, 421, 173, 10, 0.00%, 0, 0, 4, 196.19, 747211, 335
3788, 0, 419, 421, 173, 10, 0.00%, 0, 0, 4, 193.59, 748216, 335
3793, 0, 419, 421, 173, 10, 0.00%, 0, 0, 4, 199.05, 749236, 335
3799, 0, 419, 421, 173, 10, 0.00%, 0, 0, 4, 197.44, 750262, 335
3804, 0, 419, 421, 173, 10, 0.00%, 0, 0, 4, 196.07, 751264, 335
3809, 0, 419, 421, 173, 10, 0.00%, 0, 0, 4, 192.18, 752254, 335
3814, 0, 419, 421, 173, 10, 0.00%, 0, 0, 4, 194.49, 753259, 335
3819, 0, 419, 421, 173, 10, 0.00%, 0, 0, 4, 189.35, 754228, 335
3824, 0, 419, 421, 173, 10, 0.00%, 0, 0, 4, 192.23, 755224, 335
3830, 0, 419, 421, 173, 10, 0.00%, 0, 0, 4, 190.98, 756211, 335
3835, 0, 419, 421, 173, 10, 0.00%, 0, 0, 4, 189.82, 757192, 335
3840, 0, 419, 421, 173, 10, 0.00%, 0, 0, 4, 191.11, 758185, 335
3845, 0, 16, 421, 172, 9, 0.00%, 0, 0, 4, 198.32, 759186, 335
3850, 0, 16, 421, 172, 9, 0.00%, 0, 0, 4, 219.94, 760342, 335
3855, 0, 16, 421, 172, 9, 0.00%, 0, 0, 4, 233.42, 761570, 335
3860, 0, 16, 421, 172, 9, 0.00%, 0, 0, 4, 234.49, 762746, 335
3865, 0, 16, 421, 172, 9, 0.00%, 0, 0, 4, 235.86, 763934, 335
3871, 0, 16, 421, 172, 9, 0.00%, 0, 0, 4, 238.14, 765170, 335
3876, 0, 16, 421, 172, 9, 0.00%, 0, 0, 4, 234.15, 766398, 335
3881, 0, 16, 421, 172, 9, 0.00%, 0, 0, 4, 233.55, 767574, 335
3886, 0, 16, 421, 172, 9, 0.00%, 0, 0, 4, 221.62, 768622, 335
3891, 0, 16, 421, 172, 9, 0.00%, 0, 0, 4, 229.58, 769806, 335
3896, 0, 16, 421, 172, 9, 0.00%, 0, 0, 4, 221.12, 770942, 335
3901, 0, 16, 421, 172, 9, 0.00%, 0, 0, 4, 225.40, 772070, 335
3906, 0, 16, 421, 172, 9, 0.00%, 0, 0, 4, 233.20, 773266, 335
3911, 0, 16, 421, 172, 9, 0.00%, 0, 0, 4, 241.57, 774526, 335
3916, 0, 16, 421, 172, 9, 0.00%, 0, 0, 4, 242.31, 775790, 335
3922, 0, 16, 421, 172, 9, 0.00%, 0, 0, 4, 243.11, 777066, 335
3927, 0, 16, 421, 172, 9, 0.00%, 0, 0, 4, 212.71, 778050, 335
3932, 0, 16, 421, 172, 9, 0.00%, 0, 0, 4, 196.03, 778998, 335
3937, 0, 16, 421, 172, 9, 0.00%, 0, 0, 4, 217.32, 780110, 335
3942, 0, 16, 421, 172, 9, 0.00%, 0, 0, 4, 236.10, 781350, 335
3947, 0, 16, 421, 172, 9, 0.00%, 0, 0, 4, 237.70, 782542, 335
3952, 0, 16, 421, 172, 9, 0.00%, 0, 0, 4, 241.35, 783758, 335
3957, 0, 16, 421, 172, 9, 0.00%, 0, 0, 4, 243.71, 785022, 335
3963, 0, 16, 421, 172, 9, 0.00%, 0, 0, 4, 238.17, 786242, 335
3968, 0, 16, 421, 172, 9, 0.00%, 0, 0, 4, 231.04, 787362, 335
3973, 0, 16, 421, 172, 9, 0.00%, 0, 0, 4, 236.30, 788570, 335
3978, 0, 16, 421, 172, 9, 0.00%, 0, 0, 4, 230.91, 789722, 335
3983, 0, 16, 421, 172, 9, 0.00%, 0, 0, 4, 234.67, 790938, 335
3988, 0, 414, 421, 171, 8, 0.00%, 0, 0, 4, 247.97, 792183, 335
3993, 0, 414, 421, 171, 8, 0.00%, 0, 0, 4, 257.12, 793485, 335
3998, 0, 414, 421, 171, 8, 0.00%, 0, 0, 4, 262.93, 794855, 335
4003, 0, 414, 421, 171, 8, 0.00%, 0, 0, 4, 262.02, 796175, 335
4008, 0, 414, 421, 171, 8, 0.00%, 0, 0, 4, 252.31, 797485, 335
4013, 0, 414, 421, 171, 8, 0.00%, 0, 0, 4, 252.66, 798755, 335
4018, 0, 418, 421, 170, 7, 0.00%, 0, 0, 4, 250.49, 800042, 335
4024, 0, 418, 422, 171, 7, 0.00%, 0, 0, 4, 204.71, 800968, 336
4029, 0, 418, 422, 171, 7, 0.00%, 0, 0, 4, 203.21, 801996, 336
4034, 0, 418, 422, 171, 7, 0.00%, 0, 0, 4, 201.92, 803036, 336
4039, 0, 418, 422, 171, 7, 0.00%, 0, 0, 4, 198.88, 804057, 336
4044, 0, 418, 422, 171, 7, 0.00%, 0, 0, 4, 199.04, 805053, 336
4049, 0, 418, 422, 171, 7, 0.00%, 0, 0, 4, 197.06, 806040, 336
4054, 0, 418, 422, 171, 7, 0.00%, 0, 0, 4, 199.30, 807075, 336
4059, 0, 418, 422, 171, 7, 0.00%, 0, 0, 4, 193.64, 808077, 336
4065, 0, 418, 422, 171, 7, 0.00%, 0, 0, 4, 194.85, 809082, 336
4070, 0, 418, 422, 171, 7, 0.00%, 0, 0, 4, 196.31, 810090, 336
4075, 0, 418, 422, 171, 7, 0.00%, 0, 0, 4, 194.16, 811080, 336
4080, 0, 418, 422, 171, 7, 0.00%, 0, 0, 4, 202.91, 812120, 336
4085, 0, 418, 422, 171, 7, 0.00%, 0, 0, 4, 198.36, 813144, 336
4090, 0, 418, 422, 171, 7, 0.00%, 0, 0, 4, 201.19, 814152, 336
4095, 0, 418, 422, 171, 7, 0.00%, 0, 0, 4, 202.62, 815168, 336
4100, 0, 418, 422, 171, 7, 0.00%, 0, 0, 4, 199.48, 816177, 336
4105, 0, 418, 422, 171, 7, 0.00%, 0, 0, 4, 199.01, 817185, 336
4110, 0, 418, 422, 171, 7, 0.00%, 0, 0, 4, 197.20, 818208, 336
4116, 0, 418, 422, 171, 7, 0.00%, 0, 0, 4, 197.35, 819237, 336
4121, 0, 418, 422, 171, 7, 0.00%, 0, 0, 4, 180.85, 820176, 336
4126, 0, 418, 422, 171, 7, 0.00%, 0, 0, 4, 177.32, 821046, 336
4131, 0, 418, 422, 171, 7, 0.00%, 0, 0, 4, 178.85, 821919, 336
4136, 0, 418, 422, 171, 7, 0.00%, 0, 0, 4, 187.71, 822861, 336
4141, 0, 418, 422, 171, 7, 0.00%, 0, 0, 4, 188.84, 823854, 336
4146, 0, 418, 422, 171, 7, 0.00%, 0, 0, 4, 193.76, 824856, 336
4152, 0, 418, 422, 171, 7, 0.00%, 0, 0, 4, 181.00, 825774, 336
4157, 0, 418, 422, 171, 7, 0.00%, 0, 0, 4, 191.01, 826767, 336
4162, 0, 418, 422, 171, 7, 0.00%, 0, 0, 4, 192.16, 827760, 336
4167, 0, 418, 422, 171, 7, 0.00%, 0, 0, 4, 191.84, 828744, 336
4172, 0, 418, 422, 171, 7, 0.00%, 0, 0, 4, 135.70, 829240, 336
4177, 0, 418, 422, 171, 7, 0.00%, 0, 0, 4, 184.64, 829947, 336
4182, 0, 418, 422, 171, 7, 0.00%, 0, 0, 4, 103.76, 830572, 336
4188, 0, 418, 422, 171, 7, 0.00%, 0, 0, 4, 116.81, 831142, 336
4193, 0, 418, 422, 171, 7, 0.00%, 0, 0, 4, 182.89, 832161, 336
4198, 0, 41, 422, 170, 6, 0.00%, 0, 0, 4, 244.43, 833385, 336
4203, 0, 41, 422, 170, 6, 0.00%, 0, 0, 4, 301.33, 835021, 336
4208, 0, 41, 422, 170, 6, 0.00%, 0, 0, 4, 305.14, 836581, 336
4213, 0, 41, 422, 170, 6, 0.00%, 0, 0, 4, 304.09, 838129, 336
4218, 0, 41, 422, 170, 6, 0.00%, 0, 0, 4, 300.75, 839653, 336
4223, 0, 33, 422, 169, 5, 0.00%, 0, 0, 4, 291.32, 841150, 336
4228, 0, 33, 422, 169, 5, 0.00%, 0, 0, 4, 250.78, 842355, 336
4234, 0, 33, 422, 169, 5, 0.00%, 0, 0, 4, 231.19, 843488, 336
4239, 0, 33, 422, 169, 5, 0.00%, 0, 0, 4, 232.63, 844640, 336
4244, 0, 33, 422, 169, 5, 0.00%, 0, 0, 4, 232.12, 845832, 336
4249, 0, 33, 422, 169, 5, 0.00%, 0, 0, 4, 239.12, 847032, 336
4254, 0, 33, 422, 169, 5, 0.00%, 0, 0, 4, 234.84, 848212, 336
4259, 0, 33, 422, 169, 5, 0.00%, 0, 0, 4, 228.39, 849364, 336
4264, 0, 33, 422, 169, 5, 0.00%, 0, 0, 4, 221.54, 850520, 336
4269, 0, 33, 422, 169, 5, 0.00%, 0, 0, 4, 204.95, 851516, 336
4274, 0, 33, 422, 169, 5, 0.00%, 0, 0, 4, 209.36, 852588, 336
4279, 0, 33, 422, 169, 5, 0.00%, 0, 0, 4, 212.84, 853680, 336
4284, 0, 33, 422, 169, 5, 0.00%, 0, 0, 4, 231.72, 854860, 336
4290, 0, 33, 422, 169, 5, 0.00%, 0, 0, 4, 232.86, 856080, 336
4295, 0, 33, 422, 169, 5, 0.00%, 0, 0, 4, 237.56, 857324, 336
4300, 0, 33, 422, 169, 5, 0.00%, 0, 0, 4, 236.94, 858556, 336
4305, 0, 33, 422, 169, 5, 0.00%, 0, 0, 4, 226.90, 859696, 336
4310, 0, 33, 422, 169, 5, 0.00%, 0, 0, 4, 224.96, 860752, 336
4315, 0, 33, 422, 169, 5, 0.00%, 0, 0, 4, 222.14, 861884, 336
4320, 0, 33, 422, 169, 5, 0.00%, 0, 0, 4, 33.76, 863016, 336
4326, 0, 33, 422, 169, 5, 0.00%, 0, 0, 4, 16.95, 863572, 336
4331, 0, 33, 422, 169, 5, 0.00%, 0, 0, 4, 23.19, 863860, 336
4336, 0, 33, 422, 169, 5, 0.00%, 0, 0, 4, 93.46, 864307, 336
4341, 0, 33, 422, 169, 5, 0.00%, 0, 0, 4, 247.52, 864795, 336
4346, 0, 417, 422, 168, 5, 0.00%, 0, 0, 4, 265.72, 866096, 336
4351, 0, 417, 422, 168, 5, 0.00%, 0, 0, 4, 294.37, 867621, 336
4356, 0, 417, 422, 168, 5, 0.00%, 0, 0, 4, 304.01, 869168, 336
4361, 0, 417, 422, 168, 5, 0.00%, 0, 0, 4, 311.08, 870752, 336
4366, 0, 417, 422, 168, 5, 0.00%, 0, 0, 4, 312.64, 872336, 336
4371, 0, 417, 422, 168, 5, 0.00%, 0, 0, 4, 313.90, 873920, 336
4376, 0, 417, 422, 168, 5, 0.00%, 0, 0, 4, 310.97, 875504, 336
4381, 0, 417, 422, 168, 5, 0.00%, 0, 0, 4, 316.96, 877142, 336
4386, 0, 417, 422, 168, 5, 0.00%, 0, 0, 4, 308.52, 878690, 336
4391, 0, 417, 422, 168, 5, 0.00%, 0, 0, 4, 311.15, 880244, 336
4396, 0, 417, 422, 168, 5, 0.00%, 0, 0, 4, 322.09, 881876, 336
4401, 0, 417, 422, 168, 5, 0.00%, 0, 0, 4, 325.61, 883514, 336
4406, 0, 417, 422, 168, 5, 0.00%, 0, 0, 4, 328.85, 885176, 336
4411, 0, 417, 422, 168, 5, 0.00%, 0, 0, 4, 330.16, 886826, 336
4416, 0, 417, 422, 168, 5, 0.00%, 0, 0, 4, 325.55, 888464, 336
4422, 0, 417, 422, 168, 5, 0.00%, 0, 0, 4, 328.70, 890168, 336
4427, 0, 417, 422, 168, 5, 0.00%, 0, 0, 4, 330.60, 891836, 336
4432, 0, 417, 422, 168, 5, 0.00%, 0, 0, 4, 335.26, 893522, 336
4437, 0, 417, 422, 168, 5, 0.00%, 0, 0, 4, 328.15, 895148, 336
4442, 0, 417, 422, 168, 5, 0.00%, 0, 0, 4, 349.46, 896912, 336
4447, 0, 417, 422, 168, 5, 0.00%, 0, 0, 4, 336.68, 898664, 336
4452, 0, 417, 422, 168, 5, 0.00%, 0, 0, 4, 330.77, 900386, 336
4457, 0, 417, 422, 168, 5, 0.00%, 0, 0, 4, 333.39, 902060, 336
4462, 0, 417, 422, 168, 5, 0.00%, 0, 0, 4, 329.65, 903776, 336
4467, 0, 417, 422, 168, 5, 0.00%, 0, 0, 4, 332.33, 905444, 336
4472, 0, 417, 422, 168, 5, 0.00%, 0, 0, 4, 322.93, 907058, 336
4478, 0, 417, 422, 168, 5, 0.00%, 0, 0, 4, 326.75, 908750, 336
4483, 0, 417, 422, 168, 5, 0.00%, 0, 0, 4, 327.11, 910430, 336
4488, 0, 417, 422, 168, 5, 0.00%, 0, 0, 4, 324.58, 912086, 336
4493, 0, 417, 422, 168, 5, 0.00%, 0, 0, 4, 335.48, 913856, 336
4498, 0, 417, 422, 168, 5, 0.00%, 0, 0, 4, 337.08, 915602, 336
4503, 0, 417, 422, 168, 5, 0.00%, 0, 0, 4, 328.75, 917270, 336
4508, 0, 417, 422, 168, 5, 0.00%, 0, 0, 4, 328.06, 918968, 336
4513, 0, 417, 422, 168, 5, 0.00%, 0, 0, 4, 339.29, 920696, 336
4518, 0, 417, 422, 168, 5, 0.00%, 0, 0, 4, 333.38, 922370, 336
4524, 0, 417, 422, 168, 5, 0.00%, 0, 0, 4, 338.36, 924116, 336
4529, 0, 417, 422, 168, 5, 0.00%, 0, 0, 4, 332.81, 925772, 336
4534, 0, 417, 422, 168, 5, 0.00%, 0, 0, 4, 328.58, 927470, 336
4539, 0, 417, 422, 168, 5, 0.00%, 0, 0, 4, 337.88, 929180, 336
4544, 0, 417, 422, 168, 5, 0.00%, 0, 0, 4, 331.26, 930884, 336
4549, 0, 417, 422, 168, 5, 0.00%, 0, 0, 4, 332.25, 932570, 336
4554, 0, 417, 422, 168, 5, 0.00%, 0, 0, 4, 325.28, 934226, 336
4559, 0, 417, 422, 168, 5, 0.00%, 0, 0, 4, 321.35, 935876, 336
4564, 0, 417, 422, 168, 5, 0.00%, 0, 0, 4, 324.05, 937532, 336
4570, 0, 417, 422, 168, 5, 0.00%, 0, 0, 4, 323.30, 939194, 336
4575, 0, 417, 422, 168, 5, 0.00%, 0, 0, 4, 340.97, 940910, 336
4580, 0, 417, 422, 168, 5, 0.00%, 0, 0, 4, 356.34, 942788, 336
4585, 0, 417, 422, 168, 5, 0.00%, 0, 0, 4, 361.25, 944685, 336
4590, 0, 417, 422, 168, 5, 0.00%, 0, 0, 4, 390.83, 946722, 336
4595, 0, 417, 422, 168, 5, 0.00%, 0, 0, 4, 412.66, 948840, 336
4600, 0, 417, 422, 168, 5, 0.00%, 0, 0, 4, 429.28, 951032, 336
4605, 0, 417, 422, 168, 5, 0.00%, 0, 0, 4, 436.36, 953216, 336
4610, 0, 417, 422, 168, 5, 0.00%, 0, 0, 4, 373.62, 955066, 336
4615, 0, 417, 422, 168, 5, 0.00%, 0, 0, 4, 358.97, 956928, 336
4621, 0, 417, 422, 168, 5, 0.00%, 0, 0, 4, 348.18, 958712, 336
4626, 0, 417, 422, 168, 5, 0.00%, 0, 0, 4, 345.97, 960512, 336
4631, 0, 417, 422, 168, 5, 0.00%, 0, 0, 4, 357.53, 962374, 336
4636, 0, 417, 422, 168, 5, 0.00%, 0, 0, 4, 362.66, 964193, 336
4641, 0, 417, 422, 168, 5, 0.00%, 0, 0, 4, 350.34, 966002, 336
4646, 0, 417, 422, 168, 5, 0.00%, 0, 0, 4, 352.38, 967770, 336
4651, 0, 417, 422, 168, 5, 0.00%, 0, 0, 4, 350.20, 969527, 336
4656, 0, 417, 422, 168, 5, 0.00%, 0, 0, 4, 352.74, 971312, 336
4661, 0, 417, 422, 168, 5, 0.00%, 0, 0, 4, 352.09, 973097, 336
4666, 0, 417, 422, 168, 5, 0.00%, 0, 0, 4, 344.15, 974816, 336
4671, 0, 417, 422, 168, 5, 0.00%, 0, 0, 4, 345.18, 976556, 336
4676, 0, 417, 422, 168, 5, 0.00%, 0, 0, 4, 352.08, 978347, 336
4681, 0, 417, 422, 168, 5, 0.00%, 0, 0, 4, 348.25, 980096, 336
4686, 0, 417, 422, 168, 5, 0.00%, 0, 0, 4, 344.07, 981824, 336
4691, 0, 417, 422, 168, 5, 0.00%, 0, 0, 4, 346.29, 983564, 336
4697, 0, 417, 422, 168, 5, 0.00%, 0, 0, 4, 346.36, 985346, 336
4702, 0, 417, 422, 168, 5, 0.00%, 0, 0, 4, 343.92, 987080, 336
4707, 0, 371, 422, 168, 5, 0.00%, 0, 0, 4, 348.18, 988832, 336
4712, 0, 371, 422, 168, 5, 0.00%, 0, 0, 4, 352.71, 990666, 336
4717, 0, 371, 422, 168, 5, 0.00%, 0, 0, 4, 350.87, 992437, 336
4722, 0, 371, 422, 168, 5, 0.00%, 0, 0, 4, 356.55, 994285, 336
4727, 0, 371, 422, 168, 5, 0.00%, 0, 0, 4, 351.06, 996112, 336
4732, 0, 371, 422, 168, 5, 0.00%, 0, 0, 4, 342.55, 997808, 336
4738, 0, 371, 422, 168, 5, 0.00%, 0, 0, 4, 357.87, 999654, 336
4743, 0, 371, 422, 168, 5, 0.00%, 0, 0, 4, 354.31, 1001502, 336
4748, 0, 371, 422, 168, 5, 0.00%, 0, 0, 4, 349.25, 1003292, 336
4753, 0, 371, 422, 168, 5, 0.00%, 0, 0, 4, 344.76, 1005008, 336
4758, 0, 371, 422, 168, 5, 0.00%, 0, 0, 4, 345.43, 1006748, 336
4763, 0, 371, 422, 168, 5, 0.00%, 0, 0, 4, 336.61, 1008446, 336
4768, 0, 371, 422, 168, 5, 0.00%, 0, 0, 4, 325.90, 1010108, 336
4773, 0, 371, 422, 168, 5, 0.00%, 0, 0, 4, 315.52, 1011746, 336
4778, 0, 412, 422, 168, 5, 0.00%, 0, 0, 4, 285.29, 1013157, 336
4783, 0, 412, 422, 168, 5, 0.00%, 0, 0, 4, 213.64, 1014144, 336
4788, 0, 412, 422, 168, 5, 0.00%, 0, 0, 4, 195.79, 1015106, 336
4794, 0, 412, 422, 168, 5, 0.00%, 0, 0, 4, 199.99, 1016144, 336
4799, 0, 412, 422, 168, 5, 0.00%, 0, 0, 4, 203.99, 1017184, 336
4804, 0, 412, 422, 168, 5, 0.00%, 0, 0, 4, 200.83, 1018180, 336
4809, 0, 412, 422, 168, 5, 0.00%, 0, 0, 4, 200.01, 1019208, 336
4814, 0, 412, 422, 168, 5, 0.00%, 0, 0, 4, 197.89, 1020197, 336
4819, 0, 412, 422, 168, 5, 0.00%, 0, 0, 4, 200.64, 1021204, 336
4824, 0, 412, 422, 168, 5, 0.00%, 0, 0, 4, 203.68, 1022236, 336
4829, 0, 412, 422, 168, 5, 0.00%, 0, 0, 4, 204.69, 1023264, 336
4834, 0, 412, 422, 168, 5, 0.00%, 0, 0, 4, 204.24, 1024284, 336
4839, 0, 412, 422, 168, 5, 0.00%, 0, 0, 4, 200.08, 1025291, 336
4844, 0, 412, 422, 168, 5, 0.00%, 0, 0, 4, 190.01, 1026206, 336
4849, 0, 412, 422, 168, 5, 0.00%, 0, 0, 4, 200.42, 1027260, 336
4854, 0, 412, 422, 168, 5, 0.00%, 0, 0, 4, 199.22, 1028258, 336
4860, 0, 412, 422, 168, 5, 0.00%, 0, 0, 4, 191.80, 1029239, 336
4865, 0, 412, 422, 168, 5, 0.00%, 0, 0, 4, 202.03, 1030300, 336
4870, 0, 412, 422, 168, 5, 0.00%, 0, 0, 4, 200.13, 1031321, 336
4875, 0, 412, 422, 168, 5, 0.00%, 0, 0, 4, 193.25, 1032332, 336
4880, 0, 412, 422, 168, 5, 0.00%, 0, 0, 4, 201.06, 1033376, 336
4885, 0, 412, 422, 168, 5, 0.00%, 0, 0, 4, 196.62, 1034357, 336
4890, 0, 412, 422, 168, 5, 0.00%, 0, 0, 4, 210.27, 1035464, 336
4895, 0, 412, 422, 168, 5, 0.00%, 0, 0, 4, 210.65, 1036528, 336
4900, 0, 412, 422, 168, 5, 0.00%, 0, 0, 4, 203.74, 1037536, 336
4905, 0, 412, 422, 168, 5, 0.00%, 0, 0, 4, 209.35, 1038592, 336
4911, 0, 412, 422, 168, 5, 0.00%, 0, 0, 4, 210.08, 1039684, 336
4916, 0, 412, 422, 168, 5, 0.00%, 0, 0, 4, 201.92, 1040704, 336
4921, 0, 412, 422, 168, 5, 0.00%, 0, 0, 4, 205.03, 1041748, 336
4926, 0, 412, 422, 168, 5, 0.00%, 0, 0, 4, 197.75, 1042730, 336
4931, 0, 412, 422, 168, 5, 0.00%, 0, 0, 4, 187.34, 1043639, 336
4936, 0, 412, 422, 168, 5, 0.00%, 0, 0, 4, 203.13, 1044680, 336
4941, 0, 412, 422, 168, 5, 0.00%, 0, 0, 4, 204.11, 1045700, 336
4946, 0, 417, 422, 168, 5, 0.00%, 0, 0, 4, 286.40, 1047250, 336
4951, 0, 417, 422, 168, 5, 0.00%, 0, 0, 4, 308.97, 1048876, 336
4956, 0, 417, 422, 168, 5, 0.00%, 0, 0, 4, 309.08, 1050442, 336
4961, 0, 417, 422, 168, 5, 0.00%, 0, 0, 4, 308.61, 1052008, 336
4967, 0, 417, 422, 168, 5, 0.00%, 0, 0, 4, 307.57, 1053586, 336
4972, 0, 412, 422, 168, 5, 0.00%, 0, 0, 4, 243.69, 1054800, 336
4977, 0, 412, 422, 168, 5, 0.00%, 0, 0, 4, 215.33, 1055852, 336
4982, 0, 412, 422, 168, 5, 0.00%, 0, 0, 4, 203.08, 1056872, 336
4987, 0, 412, 422, 168, 5, 0.00%, 0, 0, 4, 202.33, 1057916, 336
4992, 0, 412, 422, 168, 5, 0.00%, 0, 0, 4, 181.06, 1058859, 336
4997, 0, 412, 422, 168, 5, 0.00%, 0, 0, 4, 198.32, 1059882, 336
5002, 0, 412, 422, 168, 5, 0.00%, 0, 0, 4, 204.38, 1060928, 336
5007, 0, 412, 422, 168, 5, 0.00%, 0, 0, 4, 200.92, 1061952, 336
5013, 0, 412, 422, 168, 5, 0.00%, 0, 0, 4, 205.56, 1063008, 336
5018, 0, 412, 422, 168, 5, 0.00%, 0, 0, 4, 200.52, 1064044, 336
5023, 0, 412, 422, 168, 5, 0.00%, 0, 0, 4, 201.63, 1065052, 336
5028, 0, 412, 422, 168, 5, 0.00%, 0, 0, 4, 195.73, 1066044, 336
5033, 0, 412, 422, 168, 5, 0.00%, 0, 0, 4, 197.98, 1067031, 336
5038, 0, 412, 422, 168, 5, 0.00%, 0, 0, 4, 198.39, 1068060, 336
5043, 0, 412, 422, 168, 5, 0.00%, 0, 0, 4, 202.09, 1069084, 336
5048, 0, 412, 422, 168, 5, 0.00%, 0, 0, 4, 198.04, 1070088, 336
5053, 0, 412, 422, 168, 5, 0.00%, 0, 0, 4, 192.43, 1071084, 336
5058, 0, 412, 422, 168, 5, 0.00%, 0, 0, 4, 196.60, 1072050, 336
5064, 0, 412, 422, 168, 5, 0.00%, 0, 0, 4, 198.48, 1073088, 336
5069, 0, 412, 422, 168, 5, 0.00%, 0, 0, 4, 196.24, 1074060, 336
5074, 0, 412, 422, 168, 5, 0.00%, 0, 0, 4, 187.91, 1074978, 336
5079, 0, 412, 422, 168, 5, 0.00%, 0, 0, 4, 194.73, 1075968, 336
5084, 0, 412, 422, 168, 5, 0.00%, 0, 0, 4, 192.81, 1076958, 336
5089, 0, 412, 422, 168, 5, 0.00%, 0, 0, 4, 203.45, 1077992, 336
5094, 0, 412, 422, 168, 5, 0.00%, 0, 0, 4, 197.82, 1078995, 336
5099, 0, 412, 422, 168, 5, 0.00%, 0, 0, 4, 193.83, 1079937, 336
5104, 0, 412, 422, 168, 5, 0.00%, 0, 0, 4, 205.02, 1080964, 336
5109, 0, 412, 422, 168, 5, 0.00%, 0, 0, 4, 201.27, 1081964, 336
5115, 0, 412, 422, 168, 5, 0.00%, 0, 0, 4, 205.13, 1083004, 336
5120, 0, 412, 422, 168, 5, 0.00%, 0, 0, 4, 206.87, 1084056, 336
5125, 0, 412, 422, 168, 5, 0.00%, 0, 0, 4, 202.64, 1085076, 336
5130, 0, 412, 422, 168, 5, 0.00%, 0, 0, 4, 200.63, 1086080, 336
5135, 0, 417, 422, 168, 5, 0.00%, 0, 0, 4, 237.18, 1087264, 336
5140, 0, 417, 422, 168, 5, 0.00%, 0, 0, 4, 299.45, 1088885, 336
5145, 0, 417, 422, 168, 5, 0.00%, 0, 0, 4, 319.84, 1090496, 336
5150, 0, 417, 422, 168, 5, 0.00%, 0, 0, 4, 319.53, 1092158, 336
5155, 0, 417, 422, 168, 5, 0.00%, 0, 0, 4, 309.93, 1093700, 336
5160, 0, 371, 422, 168, 5, 0.00%, 0, 0, 4, 309.86, 1095262, 336
5165, 0, 371, 422, 168, 5, 0.00%, 0, 0, 4, 316.95, 1096864, 336
5170, 0, 371, 422, 168, 5, 0.00%, 0, 0, 4, 298.79, 1098367, 336
5175, 0, 371, 422, 168, 5, 0.00%, 0, 0, 4, 301.30, 1099858, 336
5181, 0, 371, 422, 168, 5, 0.00%, 0, 0, 4, 308.91, 1101424, 336
5186, 0, 371, 422, 168, 5, 0.00%, 0, 0, 4, 312.66, 1103056, 336
5191, 0, 417, 422, 168, 5, 0.00%, 0, 0, 4, 316.60, 1104642, 336
5196, 0, 417, 422, 168, 5, 0.00%, 0, 0, 4, 319.15, 1106292, 336
5201, 0, 417, 422, 168, 5, 0.00%, 0, 0, 4, 323.50, 1107966, 336
5206, 0, 417, 422, 168, 5, 0.00%, 0, 0, 4, 319.25, 1109622, 336
5211, 0, 417, 422, 168, 5, 0.00%, 0, 0, 4, 318.29, 1111212, 336
5216, 0, 428, 431, 177, 7, 0.00%, 0, 0, 4, 318.35, 1112836, 336
5222, 0, 428, 431, 177, 7, 0.00%, 0, 0, 4, 319.64, 1114486, 336
5227, 0, 428, 431, 177, 7, 0.00%, 0, 0, 4, 322.70, 1116154, 336
5232, 0, 428, 431, 177, 7, 0.00%, 0, 0, 4, 323.58, 1117816, 336
5237, 0, 428, 431, 177, 7, 0.00%, 0, 0, 4, 326.36, 1119502, 336
5242, 0, 422, 433, 178, 6, 0.00%, 0, 0, 4, 223.50, 1120559, 336
5247, 0, 422, 433, 178, 6, 0.00%, 0, 0, 4, 200.75, 1121535, 336
5253, 0, 422, 433, 178, 6, 0.00%, 0, 0, 4, 192.18, 1122518, 336
5258, 0, 422, 433, 178, 6, 0.00%, 0, 0, 4, 193.20, 1123490, 336
5263, 0, 422, 433, 178, 6, 0.00%, 0, 0, 4, 186.61, 1124441, 336
5268, 0, 422, 433, 178, 6, 0.00%, 0, 0, 4, 182.99, 1125383, 336
5273, 0, 422, 433, 178, 6, 0.00%, 0, 0, 4, 186.31, 1126346, 336
5278, 0, 422, 433, 178, 6, 0.00%, 0, 0, 4, 181.22, 1127282, 336
5283, 0, 422, 433, 178, 6, 0.00%, 0, 0, 4, 176.61, 1128197, 336
5289, 0, 422, 433, 178, 6, 0.00%, 0, 0, 4, 187.79, 1129139, 336
5294, 0, 422, 433, 178, 6, 0.00%, 0, 0, 4, 198.23, 1130162, 336
5299, 0, 422, 433, 178, 6, 0.00%, 0, 0, 4, 194.70, 1131128, 336
5304, 0, 422, 433, 178, 6, 0.00%, 0, 0, 4, 197.29, 1132130, 336
5309, 0, 422, 433, 178, 6, 0.00%, 0, 0, 4, 189.24, 1133066, 336
5314, 0, 422, 433, 178, 6, 0.00%, 0, 0, 4, 192.41, 1134074, 336
5319, 0, 422, 433, 178, 6, 0.00%, 0, 0, 4, 192.59, 1135064, 336
5324, 0, 422, 433, 178, 6, 0.00%, 0, 0, 4, 197.12, 1136057, 336
5329, 0, 422, 433, 178, 6, 0.00%, 0, 0, 4, 197.84, 1137059, 336
5334, 0, 422, 433, 178, 6, 0.00%, 0, 0, 4, 200.93, 1138095, 336
5340, 0, 422, 433, 178, 6, 0.00%, 0, 0, 4, 192.88, 1139039, 336
5345, 0, 422, 433, 178, 6, 0.00%, 0, 0, 4, 189.39, 1140029, 336
5350, 0, 422, 433, 178, 6, 0.00%, 0, 0, 4, 175.58, 1140923, 336
5355, 0, 422, 433, 178, 6, 0.00%, 0, 0, 4, 183.80, 1141862, 336
5360, 0, 422, 433, 178, 6, 0.00%, 0, 0, 4, 190.40, 1142873, 336
5365, 0, 422, 433, 178, 6, 0.00%, 0, 0, 4, 184.45, 1143797, 336
5371, 0, 422, 433, 178, 6, 0.00%, 0, 0, 4, 180.30, 1144733, 336
5376, 0, 422, 433, 178, 6, 0.00%, 0, 0, 4, 178.56, 1145648, 336
5381, 0, 422, 433, 178, 6, 0.00%, 0, 0, 4, 189.42, 1146650, 336
5386, 0, 422, 433, 178, 6, 0.00%, 0, 0, 4, 192.23, 1147622, 336
5388, 0, 422, 433, 178, 6, 0.00%, 0, 0, 4, 194.25, 1147970, 336
